country;variable;percentile;year;value;age;pop
US-RI;sfiinc992t;p99.9p100;1917;0.1232;992;t
US-RI;sfiinc992t;p99.9p100;1918;0.0996;992;t
US-RI;sfiinc992t;p99.9p100;1919;0.0796;992;t
US-RI;sfiinc992t;p99.9p100;1920;0.0682;992;t
US-RI;sfiinc992t;p99.9p100;1921;0.072;992;t
US-RI;sfiinc992t;p99.9p100;1922;0.0745;992;t
US-RI;sfiinc992t;p99.9p100;1923;0.0611;992;t
US-RI;sfiinc992t;p99.9p100;1924;0.0712;992;t
US-RI;sfiinc992t;p99.9p100;1925;0.0825;992;t
US-RI;sfiinc992t;p99.9p100;1926;0.075;992;t
US-RI;sfiinc992t;p99.9p100;1927;0.0813;992;t
US-RI;sfiinc992t;p99.9p100;1928;0.0984;992;t
US-RI;sfiinc992t;p99.9p100;1929;0.1031;992;t
US-RI;sfiinc992t;p99.9p100;1930;0.0724;992;t
US-RI;sfiinc992t;p99.9p100;1931;0.0646;992;t
US-RI;sfiinc992t;p99.9p100;1932;0.0663;992;t
US-RI;sfiinc992t;p99.9p100;1933;0.0613;992;t
US-RI;sfiinc992t;p99.9p100;1934;0.0652;992;t
US-RI;sfiinc992t;p99.9p100;1935;0.0657;992;t
US-RI;sfiinc992t;p99.9p100;1936;0.0774;992;t
US-RI;sfiinc992t;p99.9p100;1937;0.0694;992;t
US-RI;sfiinc992t;p99.9p100;1938;0.0516;992;t
US-RI;sfiinc992t;p99.9p100;1939;0.0593;992;t
US-RI;sfiinc992t;p99.9p100;1940;0.0623;992;t
US-RI;sfiinc992t;p99.9p100;1941;0.0559;992;t
US-RI;sfiinc992t;p99.9p100;1942;0.042;992;t
US-RI;sfiinc992t;p99.9p100;1943;0.0382;992;t
US-RI;sfiinc992t;p99.9p100;1944;0.0358;992;t
US-RI;sfiinc992t;p99.9p100;1945;0.0415;992;t
US-RI;sfiinc992t;p99.9p100;1946;0.0471;992;t
US-RI;sfiinc992t;p99.9p100;1947;0.0459;992;t
US-RI;sfiinc992t;p99.9p100;1948;0.0483;992;t
US-RI;sfiinc992t;p99.9p100;1949;0.043;992;t
US-RI;sfiinc992t;p99.9p100;1950;0.0498;992;t
US-RI;sfiinc992t;p99.9p100;1951;0.0507;992;t
US-RI;sfiinc992t;p99.9p100;1952;0.0373;992;t
US-RI;sfiinc992t;p99.9p100;1953;0.0331;992;t
US-RI;sfiinc992t;p99.9p100;1954;0.0372;992;t
US-RI;sfiinc992t;p99.9p100;1955;0.0437;992;t
US-RI;sfiinc992t;p99.9p100;1956;0.0359;992;t
US-RI;sfiinc992t;p99.9p100;1957;0.0353;992;t
US-RI;sfiinc992t;p99.9p100;1958;0.0381;992;t
US-RI;sfiinc992t;p99.9p100;1959;0.035;992;t
US-RI;sfiinc992t;p99.9p100;1960;0.033;992;t
US-RI;sfiinc992t;p99.9p100;1961;0.0326;992;t
US-RI;sfiinc992t;p99.9p100;1962;0.0305;992;t
US-RI;sfiinc992t;p99.9p100;1963;0.0275;992;t
US-RI;sfiinc992t;p99.9p100;1964;0.0396;992;t
US-RI;sfiinc992t;p99.9p100;1965;0.0338;992;t
US-RI;sfiinc992t;p99.9p100;1966;0.0338;992;t
US-RI;sfiinc992t;p99.9p100;1967;0.0356;992;t
US-RI;sfiinc992t;p99.9p100;1968;0.0364;992;t
US-RI;sfiinc992t;p99.9p100;1969;0.0327;992;t
US-RI;sfiinc992t;p99.9p100;1970;0.0242;992;t
US-RI;sfiinc992t;p99.9p100;1971;0.0259;992;t
US-RI;sfiinc992t;p99.9p100;1972;0.0345;992;t
US-RI;sfiinc992t;p99.9p100;1973;0.0256;992;t
US-RI;sfiinc992t;p99.9p100;1974;0.0247;992;t
US-RI;sfiinc992t;p99.9p100;1975;0.0245;992;t
US-RI;sfiinc992t;p99.9p100;1976;0.025;992;t
US-RI;sfiinc992t;p99.9p100;1977;0.0262;992;t
US-RI;sfiinc992t;p99.9p100;1978;0.0261;992;t
US-RI;sfiinc992t;p99.9p100;1979;0.0314;992;t
US-RI;sfiinc992t;p99.9p100;1980;0.0349;992;t
US-RI;sfiinc992t;p99.9p100;1981;0.0316;992;t
US-RI;sfiinc992t;p99.9p100;1982;0.0425;992;t
US-RI;sfiinc992t;p99.9p100;1983;0.0411;992;t
US-RI;sfiinc992t;p99.9p100;1984;0.048;992;t
US-RI;sfiinc992t;p99.9p100;1985;0.0486;992;t
US-RI;sfiinc992t;p99.9p100;1986;0.0767;992;t
US-RI;sfiinc992t;p99.9p100;1987;0.0476;992;t
US-RI;sfiinc992t;p99.9p100;1988;0.0648;992;t
US-RI;sfiinc992t;p99.9p100;1989;0.0523;992;t
US-RI;sfiinc992t;p99.9p100;1990;0.0478;992;t
US-RI;sfiinc992t;p99.9p100;1991;0.0496;992;t
US-RI;sfiinc992t;p99.9p100;1992;0.0498;992;t
US-RI;sfiinc992t;p99.9p100;1993;0.0455;992;t
US-RI;sfiinc992t;p99.9p100;1994;0.0447;992;t
US-RI;sfiinc992t;p99.9p100;1995;0.0508;992;t
US-RI;sfiinc992t;p99.9p100;1996;0.0526;992;t
US-RI;sfiinc992t;p99.9p100;1997;0.0727;992;t
US-RI;sfiinc992t;p99.9p100;1998;0.0733;992;t
US-RI;sfiinc992t;p99.9p100;1999;0.0695;992;t
US-RI;sfiinc992t;p99.9p100;2000;0.089;992;t
US-RI;sfiinc992t;p99.9p100;2001;0.0732;992;t
US-RI;sfiinc992t;p99.9p100;2002;0.0567;992;t
US-RI;sfiinc992t;p99.9p100;2003;0.0605;992;t
US-RI;sfiinc992t;p99.9p100;2004;0.0716;992;t
US-RI;sfiinc992t;p99.9p100;2005;0.0726;992;t
US-RI;sfiinc992t;p99.9p100;2006;0.0823;992;t
US-RI;sfiinc992t;p99.9p100;2007;0.0923;992;t
US-RI;sfiinc992t;p99.9p100;2008;0.0723;992;t
US-RI;sfiinc992t;p99.9p100;2009;0.0587;992;t
US-RI;sfiinc992t;p99.9p100;2010;0.0715;992;t
US-RI;sfiinc992t;p99.9p100;2011;0.0808;992;t
US-RI;sfiinc992t;p99.9p100;2012;0.0859;992;t
US-RI;sfiinc992t;p99.9p100;2013;0.0684;992;t
US-RI;sfiinc992t;p99.9p100;2014;0.0878;992;t
US-RI;sfiinc992t;p99.9p100;2015;0.0712;992;t
US-RI;sfiinc992t;p99.9p100;2016;0.0724;992;t
US-RI;sfiinc992t;p99.9p100;2017;0.077;992;t
US-RI;sfiinc992t;p99.9p100;2018;0.0762;992;t
US-RI;sptinc992t;p99.5p99.9;1917;0.0745;992;t
US-RI;sptinc992t;p99.5p99.9;1918;0.0756;992;t
US-RI;sptinc992t;p99.5p99.9;1919;0.0695;992;t
US-RI;sptinc992t;p99.5p99.9;1920;0.0661;992;t
US-RI;sptinc992t;p99.5p99.9;1921;0.0708;992;t
US-RI;sptinc992t;p99.5p99.9;1922;0.0726;992;t
US-RI;sptinc992t;p99.5p99.9;1923;0.0649;992;t
US-RI;sptinc992t;p99.5p99.9;1924;0.0715;992;t
US-RI;sptinc992t;p99.5p99.9;1925;0.0739;992;t
US-RI;sptinc992t;p99.5p99.9;1926;0.0736;992;t
US-RI;sptinc992t;p99.5p99.9;1927;0.0791;992;t
US-RI;sptinc992t;p99.5p99.9;1928;0.0854;992;t
US-RI;sptinc992t;p99.5p99.9;1929;0.0844;992;t
US-RI;sptinc992t;p99.5p99.9;1930;0.0679;992;t
US-RI;sptinc992t;p99.5p99.9;1931;0.0602;992;t
US-RI;sptinc992t;p99.5p99.9;1932;0.0609;992;t
US-RI;sptinc992t;p99.5p99.9;1933;0.06;992;t
US-RI;sptinc992t;p99.5p99.9;1934;0.0639;992;t
US-RI;sptinc992t;p99.5p99.9;1935;0.0655;992;t
US-RI;sptinc992t;p99.5p99.9;1936;0.0767;992;t
US-RI;sptinc992t;p99.5p99.9;1937;0.0704;992;t
US-RI;sptinc992t;p99.5p99.9;1938;0.0564;992;t
US-RI;sptinc992t;p99.5p99.9;1939;0.0633;992;t
US-RI;sptinc992t;p99.5p99.9;1940;0.0638;992;t
US-RI;sptinc992t;p99.5p99.9;1941;0.0577;992;t
US-RI;sptinc992t;p99.5p99.9;1942;0.0498;992;t
US-RI;sptinc992t;p99.5p99.9;1943;0.0448;992;t
US-RI;sptinc992t;p99.5p99.9;1944;0.043;992;t
US-RI;sptinc992t;p99.5p99.9;1945;0.0502;992;t
US-RI;sptinc992t;p99.5p99.9;1946;0.0538;992;t
US-RI;sptinc992t;p99.5p99.9;1947;0.0473;992;t
US-RI;sptinc992t;p99.5p99.9;1948;0.0515;992;t
US-RI;sptinc992t;p99.5p99.9;1949;0.0498;992;t
US-RI;sptinc992t;p99.5p99.9;1950;0.0529;992;t
US-RI;sptinc992t;p99.5p99.9;1951;0.0518;992;t
US-RI;sptinc992t;p99.5p99.9;1952;0.0428;992;t
US-RI;sptinc992t;p99.5p99.9;1953;0.0394;992;t
US-RI;sptinc992t;p99.5p99.9;1954;0.0418;992;t
US-RI;sptinc992t;p99.5p99.9;1955;0.0607;992;t
US-RI;sptinc992t;p99.5p99.9;1956;0.0399;992;t
US-RI;sptinc992t;p99.5p99.9;1957;0.0398;992;t
US-RI;sptinc992t;p99.5p99.9;1958;0.0405;992;t
US-RI;sptinc992t;p99.5p99.9;1959;0.036;992;t
US-RI;sptinc992t;p99.5p99.9;1960;0.0358;992;t
US-RI;sptinc992t;p99.5p99.9;1961;0.0322;992;t
US-RI;sptinc992t;p99.5p99.9;1962;0.0385;992;t
US-RI;sptinc992t;p99.5p99.9;1963;0.0403;992;t
US-RI;sptinc992t;p99.5p99.9;1964;0.0349;992;t
US-RI;sptinc992t;p99.5p99.9;1965;0.0393;992;t
US-RI;sptinc992t;p99.5p99.9;1966;0.0369;992;t
US-RI;sptinc992t;p99.5p99.9;1967;0.0394;992;t
US-RI;sptinc992t;p99.5p99.9;1968;0.0397;992;t
US-RI;sptinc992t;p99.5p99.9;1969;0.0357;992;t
US-RI;sptinc992t;p99.5p99.9;1970;0.0346;992;t
US-RI;sptinc992t;p99.5p99.9;1971;0.0342;992;t
US-RI;sptinc992t;p99.5p99.9;1972;0.0345;992;t
US-RI;sptinc992t;p99.5p99.9;1973;0.0356;992;t
US-RI;sptinc992t;p99.5p99.9;1974;0.0343;992;t
US-RI;sptinc992t;p99.5p99.9;1975;0.0363;992;t
US-RI;sptinc992t;p99.5p99.9;1976;0.0362;992;t
US-RI;sptinc992t;p99.5p99.9;1977;0.0356;992;t
US-RI;sptinc992t;p99.5p99.9;1978;0.0356;992;t
US-RI;sptinc992t;p99.5p99.9;1979;0.0386;992;t
US-RI;sptinc992t;p99.5p99.9;1980;0.0371;992;t
US-RI;sptinc992t;p99.5p99.9;1981;0.0355;992;t
US-RI;sptinc992t;p99.5p99.9;1982;0.0386;992;t
US-RI;sptinc992t;p99.5p99.9;1983;0.0369;992;t
US-RI;sptinc992t;p99.5p99.9;1984;0.0388;992;t
US-RI;sptinc992t;p99.5p99.9;1985;0.0399;992;t
US-RI;sptinc992t;p99.5p99.9;1986;0.0524;992;t
US-RI;sptinc992t;p99.5p99.9;1987;0.0446;992;t
US-RI;sptinc992t;p99.5p99.9;1988;0.0514;992;t
US-RI;sptinc992t;p99.5p99.9;1989;0.0466;992;t
US-RI;sptinc992t;p99.5p99.9;1990;0.0472;992;t
US-RI;sptinc992t;p99.5p99.9;1991;0.0472;992;t
US-RI;sptinc992t;p99.5p99.9;1992;0.0479;992;t
US-RI;sptinc992t;p99.5p99.9;1993;0.0459;992;t
US-RI;sptinc992t;p99.5p99.9;1994;0.0458;992;t
US-RI;sptinc992t;p99.5p99.9;1995;0.0486;992;t
US-RI;sptinc992t;p99.5p99.9;1996;0.0495;992;t
US-RI;sptinc992t;p99.5p99.9;1997;0.0543;992;t
US-RI;sptinc992t;p99.5p99.9;1998;0.0547;992;t
US-RI;sptinc992t;p99.5p99.9;1999;0.0548;992;t
US-RI;sptinc992t;p99.5p99.9;2000;0.0569;992;t
US-RI;sptinc992t;p99.5p99.9;2001;0.0524;992;t
US-RI;sptinc992t;p99.5p99.9;2002;0.0511;992;t
US-RI;sptinc992t;p99.5p99.9;2003;0.0517;992;t
US-RI;sptinc992t;p99.5p99.9;2004;0.0552;992;t
US-RI;sptinc992t;p99.5p99.9;2005;0.0571;992;t
US-RI;sptinc992t;p99.5p99.9;2006;0.0601;992;t
US-RI;sptinc992t;p99.5p99.9;2007;0.0615;992;t
US-RI;sptinc992t;p99.5p99.9;2008;0.0545;992;t
US-RI;sptinc992t;p99.5p99.9;2009;0.0498;992;t
US-RI;sptinc992t;p99.5p99.9;2010;0.0522;992;t
US-RI;sptinc992t;p99.5p99.9;2011;0.0539;992;t
US-RI;sptinc992t;p99.5p99.9;2012;0.0566;992;t
US-RI;sptinc992t;p99.5p99.9;2013;0.0533;992;t
US-RI;sptinc992t;p99.5p99.9;2014;0.0573;992;t
US-RI;sptinc992t;p99.5p99.9;2015;0.0567;992;t
US-RI;sptinc992t;p99.5p99.9;2016;0.0577;992;t
US-RI;sptinc992t;p99.5p99.9;2017;0.0585;992;t
US-RI;sptinc992t;p99.5p99.9;2018;0.0576;992;t
US-RI;sfiinc992t;p99.5p100;1917;0.1976;992;t
US-RI;sfiinc992t;p99.5p100;1918;0.1751;992;t
US-RI;sfiinc992t;p99.5p100;1919;0.149;992;t
US-RI;sfiinc992t;p99.5p100;1920;0.1343;992;t
US-RI;sfiinc992t;p99.5p100;1921;0.1428;992;t
US-RI;sfiinc992t;p99.5p100;1922;0.1471;992;t
US-RI;sfiinc992t;p99.5p100;1923;0.126;992;t
US-RI;sfiinc992t;p99.5p100;1924;0.1428;992;t
US-RI;sfiinc992t;p99.5p100;1925;0.1564;992;t
US-RI;sfiinc992t;p99.5p100;1926;0.1486;992;t
US-RI;sfiinc992t;p99.5p100;1927;0.1605;992;t
US-RI;sfiinc992t;p99.5p100;1928;0.1838;992;t
US-RI;sfiinc992t;p99.5p100;1929;0.1876;992;t
US-RI;sfiinc992t;p99.5p100;1930;0.1403;992;t
US-RI;sfiinc992t;p99.5p100;1931;0.1248;992;t
US-RI;sfiinc992t;p99.5p100;1932;0.1272;992;t
US-RI;sfiinc992t;p99.5p100;1933;0.1213;992;t
US-RI;sfiinc992t;p99.5p100;1934;0.1292;992;t
US-RI;sfiinc992t;p99.5p100;1935;0.1312;992;t
US-RI;sfiinc992t;p99.5p100;1936;0.1541;992;t
US-RI;sfiinc992t;p99.5p100;1937;0.1399;992;t
US-RI;sfiinc992t;p99.5p100;1938;0.108;992;t
US-RI;sfiinc992t;p99.5p100;1939;0.1226;992;t
US-RI;sfiinc992t;p99.5p100;1940;0.1261;992;t
US-RI;sfiinc992t;p99.5p100;1941;0.1136;992;t
US-RI;sfiinc992t;p99.5p100;1942;0.0918;992;t
US-RI;sfiinc992t;p99.5p100;1943;0.083;992;t
US-RI;sfiinc992t;p99.5p100;1944;0.0788;992;t
US-RI;sfiinc992t;p99.5p100;1945;0.0917;992;t
US-RI;sfiinc992t;p99.5p100;1946;0.1009;992;t
US-RI;sfiinc992t;p99.5p100;1947;0.0931;992;t
US-RI;sfiinc992t;p99.5p100;1948;0.0998;992;t
US-RI;sfiinc992t;p99.5p100;1949;0.0928;992;t
US-RI;sfiinc992t;p99.5p100;1950;0.1028;992;t
US-RI;sfiinc992t;p99.5p100;1951;0.1021;992;t
US-RI;sfiinc992t;p99.5p100;1952;0.0801;992;t
US-RI;sfiinc992t;p99.5p100;1953;0.0725;992;t
US-RI;sfiinc992t;p99.5p100;1954;0.079;992;t
US-RI;sfiinc992t;p99.5p100;1955;0.1044;992;t
US-RI;sfiinc992t;p99.5p100;1956;0.0758;992;t
US-RI;sfiinc992t;p99.5p100;1957;0.0751;992;t
US-RI;sfiinc992t;p99.5p100;1958;0.0785;992;t
US-RI;sfiinc992t;p99.5p100;1959;0.071;992;t
US-RI;sfiinc992t;p99.5p100;1960;0.0688;992;t
US-RI;sfiinc992t;p99.5p100;1961;0.0648;992;t
US-RI;sfiinc992t;p99.5p100;1962;0.069;992;t
US-RI;sfiinc992t;p99.5p100;1963;0.0679;992;t
US-RI;sfiinc992t;p99.5p100;1964;0.0745;992;t
US-RI;sfiinc992t;p99.5p100;1965;0.0731;992;t
US-RI;sfiinc992t;p99.5p100;1966;0.0707;992;t
US-RI;sfiinc992t;p99.5p100;1967;0.0749;992;t
US-RI;sfiinc992t;p99.5p100;1968;0.0761;992;t
US-RI;sfiinc992t;p99.5p100;1969;0.0684;992;t
US-RI;sfiinc992t;p99.5p100;1970;0.0589;992;t
US-RI;sfiinc992t;p99.5p100;1971;0.0601;992;t
US-RI;sfiinc992t;p99.5p100;1972;0.069;992;t
US-RI;sfiinc992t;p99.5p100;1973;0.0612;992;t
US-RI;sfiinc992t;p99.5p100;1974;0.0591;992;t
US-RI;sfiinc992t;p99.5p100;1975;0.0608;992;t
US-RI;sfiinc992t;p99.5p100;1976;0.0612;992;t
US-RI;sfiinc992t;p99.5p100;1977;0.0618;992;t
US-RI;sfiinc992t;p99.5p100;1978;0.0617;992;t
US-RI;sfiinc992t;p99.5p100;1979;0.07;992;t
US-RI;sfiinc992t;p99.5p100;1980;0.072;992;t
US-RI;sfiinc992t;p99.5p100;1981;0.0672;992;t
US-RI;sfiinc992t;p99.5p100;1982;0.0811;992;t
US-RI;sfiinc992t;p99.5p100;1983;0.0779;992;t
US-RI;sfiinc992t;p99.5p100;1984;0.0868;992;t
US-RI;sfiinc992t;p99.5p100;1985;0.0887;992;t
US-RI;sfiinc992t;p99.5p100;1986;0.1285;992;t
US-RI;sfiinc992t;p99.5p100;1987;0.0922;992;t
US-RI;sfiinc992t;p99.5p100;1988;0.1164;992;t
US-RI;sfiinc992t;p99.5p100;1989;0.0994;992;t
US-RI;sfiinc992t;p99.5p100;1990;0.095;992;t
US-RI;sfiinc992t;p99.5p100;1991;0.0968;992;t
US-RI;sfiinc992t;p99.5p100;1992;0.0978;992;t
US-RI;sfiinc992t;p99.5p100;1993;0.0916;992;t
US-RI;sfiinc992t;p99.5p100;1994;0.0907;992;t
US-RI;sfiinc992t;p99.5p100;1995;0.0996;992;t
US-RI;sfiinc992t;p99.5p100;1996;0.1024;992;t
US-RI;sfiinc992t;p99.5p100;1997;0.127;992;t
US-RI;sfiinc992t;p99.5p100;1998;0.1281;992;t
US-RI;sfiinc992t;p99.5p100;1999;0.1244;992;t
US-RI;sfiinc992t;p99.5p100;2000;0.1461;992;t
US-RI;sfiinc992t;p99.5p100;2001;0.1256;992;t
US-RI;sfiinc992t;p99.5p100;2002;0.1084;992;t
US-RI;sfiinc992t;p99.5p100;2003;0.1128;992;t
US-RI;sfiinc992t;p99.5p100;2004;0.1276;992;t
US-RI;sfiinc992t;p99.5p100;2005;0.1309;992;t
US-RI;sfiinc992t;p99.5p100;2006;0.1435;992;t
US-RI;sfiinc992t;p99.5p100;2007;0.1551;992;t
US-RI;sfiinc992t;p99.5p100;2008;0.1284;992;t
US-RI;sfiinc992t;p99.5p100;2009;0.1098;992;t
US-RI;sfiinc992t;p99.5p100;2010;0.1237;992;t
US-RI;sfiinc992t;p99.5p100;2011;0.1347;992;t
US-RI;sfiinc992t;p99.5p100;2012;0.1425;992;t
US-RI;sfiinc992t;p99.5p100;2013;0.1217;992;t
US-RI;sfiinc992t;p99.5p100;2014;0.1451;992;t
US-RI;sfiinc992t;p99.5p100;2015;0.1278;992;t
US-RI;sfiinc992t;p99.5p100;2016;0.13;992;t
US-RI;sfiinc992t;p99.5p100;2017;0.1354;992;t
US-RI;sfiinc992t;p99.5p100;2018;0.1338;992;t
US-RI;afiinc992t;p0p90;1917;12166.2;992;t
US-RI;afiinc992t;p0p90;1918;11654.8;992;t
US-RI;afiinc992t;p0p90;1919;12382.4;992;t
US-RI;afiinc992t;p0p90;1920;12562.0;992;t
US-RI;afiinc992t;p0p90;1921;11042.0;992;t
US-RI;afiinc992t;p0p90;1922;12544.0;992;t
US-RI;afiinc992t;p0p90;1923;14234.7;992;t
US-RI;afiinc992t;p0p90;1924;13443.0;992;t
US-RI;afiinc992t;p0p90;1925;13296.6;992;t
US-RI;afiinc992t;p0p90;1926;13581.4;992;t
US-RI;afiinc992t;p0p90;1927;13407.7;992;t
US-RI;afiinc992t;p0p90;1928;13145.5;992;t
US-RI;afiinc992t;p0p90;1929;13172.3;992;t
US-RI;afiinc992t;p0p90;1930;12363.0;992;t
US-RI;afiinc992t;p0p90;1931;11547.8;992;t
US-RI;afiinc992t;p0p90;1932;10355.3;992;t
US-RI;afiinc992t;p0p90;1933;11184.7;992;t
US-RI;afiinc992t;p0p90;1934;10779.6;992;t
US-RI;afiinc992t;p0p90;1935;11710.8;992;t
US-RI;afiinc992t;p0p90;1936;12292.6;992;t
US-RI;afiinc992t;p0p90;1937;12532.6;992;t
US-RI;afiinc992t;p0p90;1938;12208.8;992;t
US-RI;afiinc992t;p0p90;1939;12941.9;992;t
US-RI;afiinc992t;p0p90;1940;13481.3;992;t
US-RI;afiinc992t;p0p90;1941;17713.1;992;t
US-RI;afiinc992t;p0p90;1942;22935.3;992;t
US-RI;afiinc992t;p0p90;1943;27146.1;992;t
US-RI;afiinc992t;p0p90;1944;25581.3;992;t
US-RI;afiinc992t;p0p90;1945;23669.9;992;t
US-RI;afiinc992t;p0p90;1946;20679.3;992;t
US-RI;afiinc992t;p0p90;1947;19879.2;992;t
US-RI;afiinc992t;p0p90;1948;17914.0;992;t
US-RI;afiinc992t;p0p90;1949;17541.2;992;t
US-RI;afiinc992t;p0p90;1950;19043.9;992;t
US-RI;afiinc992t;p0p90;1952;20625.6;992;t
US-RI;afiinc992t;p0p90;1953;22857.4;992;t
US-RI;afiinc992t;p0p90;1954;22407.0;992;t
US-RI;afiinc992t;p0p90;1955;22825.7;992;t
US-RI;afiinc992t;p0p90;1956;23762.4;992;t
US-RI;afiinc992t;p0p90;1957;23317.9;992;t
US-RI;afiinc992t;p0p90;1958;23106.3;992;t
US-RI;afiinc992t;p0p90;1959;25105.2;992;t
US-RI;afiinc992t;p0p90;1960;24546.4;992;t
US-RI;afiinc992t;p0p90;1961;24822.7;992;t
US-RI;afiinc992t;p0p90;1962;26421.0;992;t
US-RI;afiinc992t;p0p90;1963;27014.3;992;t
US-RI;afiinc992t;p0p90;1964;27478.9;992;t
US-RI;afiinc992t;p0p90;1965;29411.5;992;t
US-RI;afiinc992t;p0p90;1966;31716.1;992;t
US-RI;afiinc992t;p0p90;1967;32830.8;992;t
US-RI;afiinc992t;p0p90;1968;34204.4;992;t
US-RI;afiinc992t;p0p90;1969;33605.0;992;t
US-RI;afiinc992t;p0p90;1970;34521.8;992;t
US-RI;afiinc992t;p0p90;1971;33179.2;992;t
US-RI;afiinc992t;p0p90;1972;34286.2;992;t
US-RI;afiinc992t;p0p90;1973;32625.3;992;t
US-RI;afiinc992t;p0p90;1974;30148.6;992;t
US-RI;afiinc992t;p0p90;1975;27544.5;992;t
US-RI;afiinc992t;p0p90;1976;29118.3;992;t
US-RI;afiinc992t;p0p90;1977;29490.0;992;t
US-RI;afiinc992t;p0p90;1978;29287.1;992;t
US-RI;afiinc992t;p0p90;1979;28591.0;992;t
US-RI;afiinc992t;p0p90;1980;29602.9;992;t
US-RI;afiinc992t;p0p90;1981;28961.6;992;t
US-RI;afiinc992t;p0p90;1982;28434.4;992;t
US-RI;afiinc992t;p0p90;1983;30050.2;992;t
US-RI;afiinc992t;p0p90;1984;31130.8;992;t
US-RI;afiinc992t;p0p90;1985;33089.2;992;t
US-RI;afiinc992t;p0p90;1986;33402.5;992;t
US-RI;afiinc992t;p0p90;1987;33638.5;992;t
US-RI;afiinc992t;p0p90;1988;34675.7;992;t
US-RI;afiinc992t;p0p90;1989;36092.3;992;t
US-RI;afiinc992t;p0p90;1990;34370.4;992;t
US-RI;afiinc992t;p0p90;1991;30934.6;992;t
US-RI;afiinc992t;p0p90;1992;32193.0;992;t
US-RI;afiinc992t;p0p90;1993;32449.8;992;t
US-RI;afiinc992t;p0p90;1994;32887.6;992;t
US-RI;afiinc992t;p0p90;1995;34300.3;992;t
US-RI;afiinc992t;p0p90;1996;34739.9;992;t
US-RI;afiinc992t;p0p90;1997;34459.3;992;t
US-RI;afiinc992t;p0p90;1998;37825.1;992;t
US-RI;afiinc992t;p0p90;1999;40133.6;992;t
US-RI;afiinc992t;p0p90;2000;37841.3;992;t
US-RI;afiinc992t;p0p90;2001;37210.4;992;t
US-RI;afiinc992t;p0p90;2002;37049.6;992;t
US-RI;afiinc992t;p0p90;2003;37883.4;992;t
US-RI;afiinc992t;p0p90;2004;39860.5;992;t
US-RI;afiinc992t;p0p90;2005;40369.2;992;t
US-RI;afiinc992t;p0p90;2006;40439.5;992;t
US-RI;afiinc992t;p0p90;2007;41108.9;992;t
US-RI;afiinc992t;p0p90;2008;38688.3;992;t
US-RI;afiinc992t;p0p90;2009;36310.1;992;t
US-RI;afiinc992t;p0p90;2010;36720.2;992;t
US-RI;afiinc992t;p0p90;2011;34684.9;992;t
US-RI;afiinc992t;p0p90;2012;37125.1;992;t
US-RI;afiinc992t;p0p90;2013;38092.4;992;t
US-RI;afiinc992t;p0p90;2014;36639.3;992;t
US-RI;afiinc992t;p0p90;2015;37906.8;992;t
US-RI;afiinc992t;p0p90;2016;36336.3;992;t
US-RI;afiinc992t;p0p90;2017;37465.6;992;t
US-RI;afiinc992t;p0p90;2018;38653.7;992;t
US-RI;sptinc992t;p90p100;1917;0.4557;992;t
US-RI;sptinc992t;p90p100;1918;0.4415;992;t
US-RI;sptinc992t;p90p100;1919;0.4001;992;t
US-RI;sptinc992t;p90p100;1920;0.3763;992;t
US-RI;sptinc992t;p90p100;1921;0.4162;992;t
US-RI;sptinc992t;p90p100;1922;0.4182;992;t
US-RI;sptinc992t;p90p100;1923;0.3944;992;t
US-RI;sptinc992t;p90p100;1924;0.421;992;t
US-RI;sptinc992t;p90p100;1925;0.4426;992;t
US-RI;sptinc992t;p90p100;1926;0.4305;992;t
US-RI;sptinc992t;p90p100;1927;0.4427;992;t
US-RI;sptinc992t;p90p100;1928;0.4715;992;t
US-RI;sptinc992t;p90p100;1929;0.4793;992;t
US-RI;sptinc992t;p90p100;1930;0.4487;992;t
US-RI;sptinc992t;p90p100;1931;0.4577;992;t
US-RI;sptinc992t;p90p100;1932;0.4577;992;t
US-RI;sptinc992t;p90p100;1933;0.416;992;t
US-RI;sptinc992t;p90p100;1934;0.4423;992;t
US-RI;sptinc992t;p90p100;1935;0.4265;992;t
US-RI;sptinc992t;p90p100;1936;0.4477;992;t
US-RI;sptinc992t;p90p100;1937;0.4296;992;t
US-RI;sptinc992t;p90p100;1938;0.39;992;t
US-RI;sptinc992t;p90p100;1939;0.4062;992;t
US-RI;sptinc992t;p90p100;1940;0.4057;992;t
US-RI;sptinc992t;p90p100;1941;0.3613;992;t
US-RI;sptinc992t;p90p100;1942;0.3058;992;t
US-RI;sptinc992t;p90p100;1943;0.2738;992;t
US-RI;sptinc992t;p90p100;1944;0.2761;992;t
US-RI;sptinc992t;p90p100;1945;0.3045;992;t
US-RI;sptinc992t;p90p100;1946;0.3379;992;t
US-RI;sptinc992t;p90p100;1947;0.3259;992;t
US-RI;sptinc992t;p90p100;1948;0.3576;992;t
US-RI;sptinc992t;p90p100;1949;0.3398;992;t
US-RI;sptinc992t;p90p100;1950;0.3554;992;t
US-RI;sptinc992t;p90p100;1951;0.3464;992;t
US-RI;sptinc992t;p90p100;1952;0.335;992;t
US-RI;sptinc992t;p90p100;1953;0.3027;992;t
US-RI;sptinc992t;p90p100;1954;0.3075;992;t
US-RI;sptinc992t;p90p100;1955;0.3381;992;t
US-RI;sptinc992t;p90p100;1956;0.3103;992;t
US-RI;sptinc992t;p90p100;1957;0.3009;992;t
US-RI;sptinc992t;p90p100;1958;0.317;992;t
US-RI;sptinc992t;p90p100;1959;0.3037;992;t
US-RI;sptinc992t;p90p100;1960;0.3112;992;t
US-RI;sptinc992t;p90p100;1961;0.325;992;t
US-RI;sptinc992t;p90p100;1962;0.3089;992;t
US-RI;sptinc992t;p90p100;1963;0.3124;992;t
US-RI;sptinc992t;p90p100;1964;0.3344;992;t
US-RI;sptinc992t;p90p100;1965;0.3231;992;t
US-RI;sptinc992t;p90p100;1966;0.3061;992;t
US-RI;sptinc992t;p90p100;1967;0.3188;992;t
US-RI;sptinc992t;p90p100;1968;0.32;992;t
US-RI;sptinc992t;p90p100;1969;0.3131;992;t
US-RI;sptinc992t;p90p100;1970;0.2973;992;t
US-RI;sptinc992t;p90p100;1971;0.3113;992;t
US-RI;sptinc992t;p90p100;1972;0.3099;992;t
US-RI;sptinc992t;p90p100;1973;0.3287;992;t
US-RI;sptinc992t;p90p100;1974;0.3333;992;t
US-RI;sptinc992t;p90p100;1975;0.3421;992;t
US-RI;sptinc992t;p90p100;1976;0.333;992;t
US-RI;sptinc992t;p90p100;1977;0.3317;992;t
US-RI;sptinc992t;p90p100;1978;0.3386;992;t
US-RI;sptinc992t;p90p100;1979;0.3562;992;t
US-RI;sptinc992t;p90p100;1980;0.3475;992;t
US-RI;sptinc992t;p90p100;1981;0.3476;992;t
US-RI;sptinc992t;p90p100;1982;0.3496;992;t
US-RI;sptinc992t;p90p100;1983;0.3412;992;t
US-RI;sptinc992t;p90p100;1984;0.3495;992;t
US-RI;sptinc992t;p90p100;1985;0.3525;992;t
US-RI;sptinc992t;p90p100;1986;0.3996;992;t
US-RI;sptinc992t;p90p100;1987;0.3767;992;t
US-RI;sptinc992t;p90p100;1988;0.3986;992;t
US-RI;sptinc992t;p90p100;1989;0.3795;992;t
US-RI;sptinc992t;p90p100;1990;0.3793;992;t
US-RI;sptinc992t;p90p100;1991;0.398;992;t
US-RI;sptinc992t;p90p100;1992;0.3939;992;t
US-RI;sptinc992t;p90p100;1993;0.3895;992;t
US-RI;sptinc992t;p90p100;1994;0.3906;992;t
US-RI;sptinc992t;p90p100;1995;0.398;992;t
US-RI;sptinc992t;p90p100;1996;0.405;992;t
US-RI;sptinc992t;p90p100;1997;0.4325;992;t
US-RI;sptinc992t;p90p100;1998;0.4277;992;t
US-RI;sptinc992t;p90p100;1999;0.4248;992;t
US-RI;sptinc992t;p90p100;2000;0.4537;992;t
US-RI;sptinc992t;p90p100;2001;0.4352;992;t
US-RI;sptinc992t;p90p100;2002;0.4216;992;t
US-RI;sptinc992t;p90p100;2003;0.4227;992;t
US-RI;sptinc992t;p90p100;2004;0.4321;992;t
US-RI;sptinc992t;p90p100;2005;0.4366;992;t
US-RI;sptinc992t;p90p100;2006;0.4486;992;t
US-RI;sptinc992t;p90p100;2007;0.4585;992;t
US-RI;sptinc992t;p90p100;2008;0.4422;992;t
US-RI;sptinc992t;p90p100;2009;0.4327;992;t
US-RI;sptinc992t;p90p100;2010;0.4404;992;t
US-RI;sptinc992t;p90p100;2011;0.459;992;t
US-RI;sptinc992t;p90p100;2012;0.4554;992;t
US-RI;sptinc992t;p90p100;2013;0.4372;992;t
US-RI;sptinc992t;p90p100;2014;0.4675;992;t
US-RI;sptinc992t;p90p100;2015;0.4533;992;t
US-RI;sptinc992t;p90p100;2016;0.4639;992;t
US-RI;sptinc992t;p90p100;2017;0.462;992;t
US-RI;sptinc992t;p90p100;2018;0.459;992;t
US-RI;afiinc992t;p95p99;1917;59162.6;992;t
US-RI;afiinc992t;p95p99;1918;57823.1;992;t
US-RI;afiinc992t;p95p99;1919;56480.7;992;t
US-RI;afiinc992t;p95p99;1920;52071.5;992;t
US-RI;afiinc992t;p95p99;1921;55294.8;992;t
US-RI;afiinc992t;p95p99;1922;62879.4;992;t
US-RI;afiinc992t;p95p99;1923;66657.8;992;t
US-RI;afiinc992t;p95p99;1924;66103.2;992;t
US-RI;afiinc992t;p95p99;1925;69521.9;992;t
US-RI;afiinc992t;p95p99;1926;70994.5;992;t
US-RI;afiinc992t;p95p99;1927;71819.5;992;t
US-RI;afiinc992t;p95p99;1928;75889.3;992;t
US-RI;afiinc992t;p95p99;1929;77753.5;992;t
US-RI;afiinc992t;p95p99;1930;72230.8;992;t
US-RI;afiinc992t;p95p99;1931;73185.5;992;t
US-RI;afiinc992t;p95p99;1932;64624.3;992;t
US-RI;afiinc992t;p95p99;1933;60322.3;992;t
US-RI;afiinc992t;p95p99;1934;66223.8;992;t
US-RI;afiinc992t;p95p99;1935;62174.1;992;t
US-RI;afiinc992t;p95p99;1936;66911.1;992;t
US-RI;afiinc992t;p95p99;1937;66152.3;992;t
US-RI;afiinc992t;p95p99;1938;58661.8;992;t
US-RI;afiinc992t;p95p99;1939;65696.2;992;t
US-RI;afiinc992t;p95p99;1940;68712.8;992;t
US-RI;afiinc992t;p95p99;1941;71625.6;992;t
US-RI;afiinc992t;p95p99;1942;75151.9;992;t
US-RI;afiinc992t;p95p99;1943;78120.2;992;t
US-RI;afiinc992t;p95p99;1944;73359.8;992;t
US-RI;afiinc992t;p95p99;1945;78630.3;992;t
US-RI;afiinc992t;p95p99;1946;83659.2;992;t
US-RI;afiinc992t;p95p99;1947;76544.3;992;t
US-RI;afiinc992t;p95p99;1948;79287.2;992;t
US-RI;afiinc992t;p95p99;1949;73288.2;992;t
US-RI;afiinc992t;p95p99;1950;77210.1;992;t
US-RI;afiinc992t;p95p99;1951;78571.6;992;t
US-RI;afiinc992t;p95p99;1952;80485.0;992;t
US-RI;afiinc992t;p95p99;1953;82168.0;992;t
US-RI;afiinc992t;p95p99;1954;80734.8;992;t
US-RI;afiinc992t;p95p99;1955;89443.8;992;t
US-RI;afiinc992t;p95p99;1956;89792.6;992;t
US-RI;afiinc992t;p95p99;1957;77202.6;992;t
US-RI;afiinc992t;p95p99;1958;87920.5;992;t
US-RI;afiinc992t;p95p99;1959;91735.0;992;t
US-RI;afiinc992t;p95p99;1960;96192.1;992;t
US-RI;afiinc992t;p95p99;1961;102810.4;992;t
US-RI;afiinc992t;p95p99;1962;99551.4;992;t
US-RI;afiinc992t;p95p99;1963;103707.3;992;t
US-RI;afiinc992t;p95p99;1964;124816.6;992;t
US-RI;afiinc992t;p95p99;1965;115964.4;992;t
US-RI;afiinc992t;p95p99;1966;118092.3;992;t
US-RI;afiinc992t;p95p99;1967;128355.4;992;t
US-RI;afiinc992t;p95p99;1968;135170.6;992;t
US-RI;afiinc992t;p95p99;1969;131564.6;992;t
US-RI;afiinc992t;p95p99;1970;126579.2;992;t
US-RI;afiinc992t;p95p99;1971;129752.7;992;t
US-RI;afiinc992t;p95p99;1972;129697.9;992;t
US-RI;afiinc992t;p95p99;1973;143378.3;992;t
US-RI;afiinc992t;p95p99;1974;133121.4;992;t
US-RI;afiinc992t;p95p99;1975;127614.8;992;t
US-RI;afiinc992t;p95p99;1976;125804.5;992;t
US-RI;afiinc992t;p95p99;1977;127671.7;992;t
US-RI;afiinc992t;p95p99;1978;134793.0;992;t
US-RI;afiinc992t;p95p99;1979;137794.1;992;t
US-RI;afiinc992t;p95p99;1980;133694.4;992;t
US-RI;afiinc992t;p95p99;1981;126503.6;992;t
US-RI;afiinc992t;p95p99;1982;125919.4;992;t
US-RI;afiinc992t;p95p99;1983;128979.9;992;t
US-RI;afiinc992t;p95p99;1984;136120.4;992;t
US-RI;afiinc992t;p95p99;1985;145278.2;992;t
US-RI;afiinc992t;p95p99;1986;166352.7;992;t
US-RI;afiinc992t;p95p99;1987;166128.4;992;t
US-RI;afiinc992t;p95p99;1988;175899.4;992;t
US-RI;afiinc992t;p95p99;1989;175234.3;992;t
US-RI;afiinc992t;p95p99;1990;169932.4;992;t
US-RI;afiinc992t;p95p99;1991;166632.9;992;t
US-RI;afiinc992t;p95p99;1992;171549.4;992;t
US-RI;afiinc992t;p95p99;1993;174266.8;992;t
US-RI;afiinc992t;p95p99;1994;176429.1;992;t
US-RI;afiinc992t;p95p99;1995;184806.0;992;t
US-RI;afiinc992t;p95p99;1996;193472.8;992;t
US-RI;afiinc992t;p95p99;1997;204168.4;992;t
US-RI;afiinc992t;p95p99;1998;218973.5;992;t
US-RI;afiinc992t;p95p99;1999;232415.7;992;t
US-RI;afiinc992t;p95p99;2000;237260.8;992;t
US-RI;afiinc992t;p95p99;2001;221766.8;992;t
US-RI;afiinc992t;p95p99;2002;219829.4;992;t
US-RI;afiinc992t;p95p99;2003;222405.5;992;t
US-RI;afiinc992t;p95p99;2004;231776.9;992;t
US-RI;afiinc992t;p95p99;2005;239540.3;992;t
US-RI;afiinc992t;p95p99;2006;240075.2;992;t
US-RI;afiinc992t;p95p99;2007;246524.7;992;t
US-RI;afiinc992t;p95p99;2008;230541.7;992;t
US-RI;afiinc992t;p95p99;2009;221986.8;992;t
US-RI;afiinc992t;p95p99;2010;225932.5;992;t
US-RI;afiinc992t;p95p99;2011;226059.7;992;t
US-RI;afiinc992t;p95p99;2012;234063.0;992;t
US-RI;afiinc992t;p95p99;2013;232976.0;992;t
US-RI;afiinc992t;p95p99;2014;244794.9;992;t
US-RI;afiinc992t;p95p99;2015;249657.4;992;t
US-RI;afiinc992t;p95p99;2016;251302.5;992;t
US-RI;afiinc992t;p95p99;2017;257956.2;992;t
US-RI;afiinc992t;p95p99;2018;262789.6;992;t
US-RI;sptinc992t;p99.9p100;1917;0.1232;992;t
US-RI;sptinc992t;p99.9p100;1918;0.0996;992;t
US-RI;sptinc992t;p99.9p100;1919;0.0796;992;t
US-RI;sptinc992t;p99.9p100;1920;0.0682;992;t
US-RI;sptinc992t;p99.9p100;1921;0.072;992;t
US-RI;sptinc992t;p99.9p100;1922;0.0745;992;t
US-RI;sptinc992t;p99.9p100;1923;0.0611;992;t
US-RI;sptinc992t;p99.9p100;1924;0.0712;992;t
US-RI;sptinc992t;p99.9p100;1925;0.0825;992;t
US-RI;sptinc992t;p99.9p100;1926;0.075;992;t
US-RI;sptinc992t;p99.9p100;1927;0.0813;992;t
US-RI;sptinc992t;p99.9p100;1928;0.0984;992;t
US-RI;sptinc992t;p99.9p100;1929;0.1031;992;t
US-RI;sptinc992t;p99.9p100;1930;0.0724;992;t
US-RI;sptinc992t;p99.9p100;1931;0.0646;992;t
US-RI;sptinc992t;p99.9p100;1932;0.0663;992;t
US-RI;sptinc992t;p99.9p100;1933;0.0613;992;t
US-RI;sptinc992t;p99.9p100;1934;0.0652;992;t
US-RI;sptinc992t;p99.9p100;1935;0.0657;992;t
US-RI;sptinc992t;p99.9p100;1936;0.0774;992;t
US-RI;sptinc992t;p99.9p100;1937;0.0694;992;t
US-RI;sptinc992t;p99.9p100;1938;0.0516;992;t
US-RI;sptinc992t;p99.9p100;1939;0.0593;992;t
US-RI;sptinc992t;p99.9p100;1940;0.0623;992;t
US-RI;sptinc992t;p99.9p100;1941;0.0559;992;t
US-RI;sptinc992t;p99.9p100;1942;0.042;992;t
US-RI;sptinc992t;p99.9p100;1943;0.0382;992;t
US-RI;sptinc992t;p99.9p100;1944;0.0358;992;t
US-RI;sptinc992t;p99.9p100;1945;0.0415;992;t
US-RI;sptinc992t;p99.9p100;1946;0.0471;992;t
US-RI;sptinc992t;p99.9p100;1947;0.0459;992;t
US-RI;sptinc992t;p99.9p100;1948;0.0483;992;t
US-RI;sptinc992t;p99.9p100;1949;0.043;992;t
US-RI;sptinc992t;p99.9p100;1950;0.0498;992;t
US-RI;sptinc992t;p99.9p100;1951;0.0507;992;t
US-RI;sptinc992t;p99.9p100;1952;0.0373;992;t
US-RI;sptinc992t;p99.9p100;1953;0.0331;992;t
US-RI;sptinc992t;p99.9p100;1954;0.0372;992;t
US-RI;sptinc992t;p99.9p100;1955;0.0437;992;t
US-RI;sptinc992t;p99.9p100;1956;0.0359;992;t
US-RI;sptinc992t;p99.9p100;1957;0.0353;992;t
US-RI;sptinc992t;p99.9p100;1958;0.0381;992;t
US-RI;sptinc992t;p99.9p100;1959;0.035;992;t
US-RI;sptinc992t;p99.9p100;1960;0.033;992;t
US-RI;sptinc992t;p99.9p100;1961;0.0326;992;t
US-RI;sptinc992t;p99.9p100;1962;0.0305;992;t
US-RI;sptinc992t;p99.9p100;1963;0.0275;992;t
US-RI;sptinc992t;p99.9p100;1964;0.0396;992;t
US-RI;sptinc992t;p99.9p100;1965;0.0338;992;t
US-RI;sptinc992t;p99.9p100;1966;0.0338;992;t
US-RI;sptinc992t;p99.9p100;1967;0.0356;992;t
US-RI;sptinc992t;p99.9p100;1968;0.0364;992;t
US-RI;sptinc992t;p99.9p100;1969;0.0327;992;t
US-RI;sptinc992t;p99.9p100;1970;0.0242;992;t
US-RI;sptinc992t;p99.9p100;1971;0.0259;992;t
US-RI;sptinc992t;p99.9p100;1972;0.0345;992;t
US-RI;sptinc992t;p99.9p100;1973;0.0256;992;t
US-RI;sptinc992t;p99.9p100;1974;0.0247;992;t
US-RI;sptinc992t;p99.9p100;1975;0.0245;992;t
US-RI;sptinc992t;p99.9p100;1976;0.025;992;t
US-RI;sptinc992t;p99.9p100;1977;0.0262;992;t
US-RI;sptinc992t;p99.9p100;1978;0.0261;992;t
US-RI;sptinc992t;p99.9p100;1979;0.0314;992;t
US-RI;sptinc992t;p99.9p100;1980;0.0349;992;t
US-RI;sptinc992t;p99.9p100;1981;0.0316;992;t
US-RI;sptinc992t;p99.9p100;1982;0.0425;992;t
US-RI;sptinc992t;p99.9p100;1983;0.0411;992;t
US-RI;sptinc992t;p99.9p100;1984;0.048;992;t
US-RI;sptinc992t;p99.9p100;1985;0.0486;992;t
US-RI;sptinc992t;p99.9p100;1986;0.0767;992;t
US-RI;sptinc992t;p99.9p100;1987;0.0476;992;t
US-RI;sptinc992t;p99.9p100;1988;0.0648;992;t
US-RI;sptinc992t;p99.9p100;1989;0.0523;992;t
US-RI;sptinc992t;p99.9p100;1990;0.0478;992;t
US-RI;sptinc992t;p99.9p100;1991;0.0496;992;t
US-RI;sptinc992t;p99.9p100;1992;0.0498;992;t
US-RI;sptinc992t;p99.9p100;1993;0.0455;992;t
US-RI;sptinc992t;p99.9p100;1994;0.0447;992;t
US-RI;sptinc992t;p99.9p100;1995;0.0508;992;t
US-RI;sptinc992t;p99.9p100;1996;0.0526;992;t
US-RI;sptinc992t;p99.9p100;1997;0.0727;992;t
US-RI;sptinc992t;p99.9p100;1998;0.0733;992;t
US-RI;sptinc992t;p99.9p100;1999;0.0695;992;t
US-RI;sptinc992t;p99.9p100;2000;0.089;992;t
US-RI;sptinc992t;p99.9p100;2001;0.0732;992;t
US-RI;sptinc992t;p99.9p100;2002;0.0567;992;t
US-RI;sptinc992t;p99.9p100;2003;0.0605;992;t
US-RI;sptinc992t;p99.9p100;2004;0.0716;992;t
US-RI;sptinc992t;p99.9p100;2005;0.0726;992;t
US-RI;sptinc992t;p99.9p100;2006;0.0823;992;t
US-RI;sptinc992t;p99.9p100;2007;0.0923;992;t
US-RI;sptinc992t;p99.9p100;2008;0.0723;992;t
US-RI;sptinc992t;p99.9p100;2009;0.0587;992;t
US-RI;sptinc992t;p99.9p100;2010;0.0715;992;t
US-RI;sptinc992t;p99.9p100;2011;0.0808;992;t
US-RI;sptinc992t;p99.9p100;2012;0.0859;992;t
US-RI;sptinc992t;p99.9p100;2013;0.0684;992;t
US-RI;sptinc992t;p99.9p100;2014;0.0878;992;t
US-RI;sptinc992t;p99.9p100;2015;0.0712;992;t
US-RI;sptinc992t;p99.9p100;2016;0.0724;992;t
US-RI;sptinc992t;p99.9p100;2017;0.077;992;t
US-RI;sptinc992t;p99.9p100;2018;0.0762;992;t
US-RI;afiinc992t;p99.5p100;1917;787710.2;992;t
US-RI;afiinc992t;p99.5p100;1918;655075.2;992;t
US-RI;afiinc992t;p99.5p100;1919;552860.3;992;t
US-RI;afiinc992t;p99.5p100;1920;486209.9;992;t
US-RI;afiinc992t;p99.5p100;1921;485190.0;992;t
US-RI;afiinc992t;p99.5p100;1922;570038.0;992;t
US-RI;afiinc992t;p99.5p100;1923;533001.6;992;t
US-RI;afiinc992t;p99.5p100;1924;596040.2;992;t
US-RI;afiinc992t;p99.5p100;1925;676789.9;992;t
US-RI;afiinc992t;p99.5p100;1926;639053.6;992;t
US-RI;afiinc992t;p99.5p100;1927;693889.5;992;t
US-RI;afiinc992t;p99.5p100;1928;824084.0;992;t
US-RI;afiinc992t;p99.5p100;1929;856438.8;992;t
US-RI;afiinc992t;p99.5p100;1930;566993.2;992;t
US-RI;afiinc992t;p99.5p100;1931;481082.6;992;t
US-RI;afiinc992t;p99.5p100;1932;439406.0;992;t
US-RI;afiinc992t;p99.5p100;1933;419265.4;992;t
US-RI;afiinc992t;p99.5p100;1934;449447.9;992;t
US-RI;afiinc992t;p99.5p100;1935;483306.3;992;t
US-RI;afiinc992t;p99.5p100;1936;617376.3;992;t
US-RI;afiinc992t;p99.5p100;1937;552407.0;992;t
US-RI;afiinc992t;p99.5p100;1938;389713.3;992;t
US-RI;afiinc992t;p99.5p100;1939;480252.0;992;t
US-RI;afiinc992t;p99.5p100;1940;515156.7;992;t
US-RI;afiinc992t;p99.5p100;1941;567014.0;992;t
US-RI;afiinc992t;p99.5p100;1942;545835.4;992;t
US-RI;afiinc992t;p99.5p100;1943;558926.9;992;t
US-RI;afiinc992t;p99.5p100;1944;499225.0;992;t
US-RI;afiinc992t;p99.5p100;1945;561856.2;992;t
US-RI;afiinc992t;p99.5p100;1946;567323.8;992;t
US-RI;afiinc992t;p99.5p100;1947;494425.8;992;t
US-RI;afiinc992t;p99.5p100;1948;500964.9;992;t
US-RI;afiinc992t;p99.5p100;1949;443988.8;992;t
US-RI;afiinc992t;p99.5p100;1950;546118.6;992;t
US-RI;afiinc992t;p99.5p100;1951;560197.5;992;t
US-RI;afiinc992t;p99.5p100;1952;447931.9;992;t
US-RI;afiinc992t;p99.5p100;1953;427016.2;992;t
US-RI;afiinc992t;p99.5p100;1954;459854.3;992;t
US-RI;afiinc992t;p99.5p100;1955;646247.9;992;t
US-RI;afiinc992t;p99.5p100;1956;469888.3;992;t
US-RI;afiinc992t;p99.5p100;1957;450894.0;992;t
US-RI;afiinc992t;p99.5p100;1958;478007.4;992;t
US-RI;afiinc992t;p99.5p100;1959;460677.8;992;t
US-RI;afiinc992t;p99.5p100;1960;441301.2;992;t
US-RI;afiinc992t;p99.5p100;1961;429021.0;992;t
US-RI;afiinc992t;p99.5p100;1962;474864.4;992;t
US-RI;afiinc992t;p99.5p100;1963;480162.5;992;t
US-RI;afiinc992t;p99.5p100;1964;553900.3;992;t
US-RI;afiinc992t;p99.5p100;1965;571576.2;992;t
US-RI;afiinc992t;p99.5p100;1966;581287.5;992;t
US-RI;afiinc992t;p99.5p100;1967;650052.8;992;t
US-RI;afiinc992t;p99.5p100;1968;688836.6;992;t
US-RI;afiinc992t;p99.5p100;1969;602235.9;992;t
US-RI;afiinc992t;p99.5p100;1970;520722.8;992;t
US-RI;afiinc992t;p99.5p100;1971;521266.0;992;t
US-RI;afiinc992t;p99.5p100;1972;616768.9;992;t
US-RI;afiinc992t;p99.5p100;1973;535116.4;992;t
US-RI;afiinc992t;p99.5p100;1974;480455.1;992;t
US-RI;afiinc992t;p99.5p100;1975;458320.9;992;t
US-RI;afiinc992t;p99.5p100;1976;480927.7;992;t
US-RI;afiinc992t;p99.5p100;1977;491057.6;992;t
US-RI;afiinc992t;p99.5p100;1978;491667.5;992;t
US-RI;afiinc992t;p99.5p100;1979;559494.5;992;t
US-RI;afiinc992t;p99.5p100;1980;588142.4;992;t
US-RI;afiinc992t;p99.5p100;1981;537212.8;992;t
US-RI;afiinc992t;p99.5p100;1982;638589.5;992;t
US-RI;afiinc992t;p99.5p100;1983;639746.5;992;t
US-RI;afiinc992t;p99.5p100;1984;747756.5;992;t
US-RI;afiinc992t;p99.5p100;1985;814983.4;992;t
US-RI;afiinc992t;p99.5p100;1986;1291831.4;992;t
US-RI;afiinc992t;p99.5p100;1987;895191.6;992;t
US-RI;afiinc992t;p99.5p100;1988;1205889.7;992;t
US-RI;afiinc992t;p99.5p100;1989;1036950.3;992;t
US-RI;afiinc992t;p99.5p100;1990;947112.5;992;t
US-RI;afiinc992t;p99.5p100;1991;895792.3;992;t
US-RI;afiinc992t;p99.5p100;1992;934498.2;992;t
US-RI;afiinc992t;p99.5p100;1993;876044.5;992;t
US-RI;afiinc992t;p99.5p100;1994;880794.8;992;t
US-RI;afiinc992t;p99.5p100;1995;1021033.5;992;t
US-RI;afiinc992t;p99.5p100;1996;1074645.1;992;t
US-RI;afiinc992t;p99.5p100;1997;1387860.8;992;t
US-RI;afiinc992t;p99.5p100;1998;1523141.1;992;t
US-RI;afiinc992t;p99.5p100;1999;1562256.8;992;t
US-RI;afiinc992t;p99.5p100;2000;1816627.4;992;t
US-RI;afiinc992t;p99.5p100;2001;1488617.2;992;t
US-RI;afiinc992t;p99.5p100;2002;1245791.5;992;t
US-RI;afiinc992t;p99.5p100;2003;1328186.6;992;t
US-RI;afiinc992t;p99.5p100;2004;1604582.9;992;t
US-RI;afiinc992t;p99.5p100;2005;1675863.0;992;t
US-RI;afiinc992t;p99.5p100;2006;1880257.4;992;t
US-RI;afiinc992t;p99.5p100;2007;2101155.8;992;t
US-RI;afiinc992t;p99.5p100;2008;1586511.0;992;t
US-RI;afiinc992t;p99.5p100;2009;1256880.0;992;t
US-RI;afiinc992t;p99.5p100;2010;1459212.7;992;t
US-RI;afiinc992t;p99.5p100;2011;1552687.3;992;t
US-RI;afiinc992t;p99.5p100;2012;1747459.6;992;t
US-RI;afiinc992t;p99.5p100;2013;1481341.3;992;t
US-RI;afiinc992t;p99.5p100;2014;1795563.5;992;t
US-RI;afiinc992t;p99.5p100;2015;1594971.5;992;t
US-RI;afiinc992t;p99.5p100;2016;1586588.4;992;t
US-RI;afiinc992t;p99.5p100;2017;1700407.7;992;t
US-RI;afiinc992t;p99.5p100;2018;1721430.4;992;t
US-RI;sptinc992t;p0p100;1917;1.0;992;t
US-RI;sptinc992t;p0p100;1918;1.0;992;t
US-RI;sptinc992t;p0p100;1919;1.0;992;t
US-RI;sptinc992t;p0p100;1920;1.0;992;t
US-RI;sptinc992t;p0p100;1921;1.0;992;t
US-RI;sptinc992t;p0p100;1922;1.0;992;t
US-RI;sptinc992t;p0p100;1923;1.0;992;t
US-RI;sptinc992t;p0p100;1924;1.0;992;t
US-RI;sptinc992t;p0p100;1925;1.0;992;t
US-RI;sptinc992t;p0p100;1926;1.0;992;t
US-RI;sptinc992t;p0p100;1927;1.0;992;t
US-RI;sptinc992t;p0p100;1928;1.0;992;t
US-RI;sptinc992t;p0p100;1929;1.0;992;t
US-RI;sptinc992t;p0p100;1930;1.0;992;t
US-RI;sptinc992t;p0p100;1931;1.0;992;t
US-RI;sptinc992t;p0p100;1932;1.0;992;t
US-RI;sptinc992t;p0p100;1933;1.0;992;t
US-RI;sptinc992t;p0p100;1934;1.0;992;t
US-RI;sptinc992t;p0p100;1935;1.0;992;t
US-RI;sptinc992t;p0p100;1936;1.0;992;t
US-RI;sptinc992t;p0p100;1937;1.0;992;t
US-RI;sptinc992t;p0p100;1938;1.0;992;t
US-RI;sptinc992t;p0p100;1939;1.0;992;t
US-RI;sptinc992t;p0p100;1940;1.0;992;t
US-RI;sptinc992t;p0p100;1941;1.0;992;t
US-RI;sptinc992t;p0p100;1942;1.0;992;t
US-RI;sptinc992t;p0p100;1943;1.0;992;t
US-RI;sptinc992t;p0p100;1944;1.0;992;t
US-RI;sptinc992t;p0p100;1945;1.0;992;t
US-RI;sptinc992t;p0p100;1946;1.0;992;t
US-RI;sptinc992t;p0p100;1947;1.0;992;t
US-RI;sptinc992t;p0p100;1948;1.0;992;t
US-RI;sptinc992t;p0p100;1949;1.0;992;t
US-RI;sptinc992t;p0p100;1950;1.0;992;t
US-RI;sptinc992t;p0p100;1951;1.0;992;t
US-RI;sptinc992t;p0p100;1952;1.0;992;t
US-RI;sptinc992t;p0p100;1953;1.0;992;t
US-RI;sptinc992t;p0p100;1954;1.0;992;t
US-RI;sptinc992t;p0p100;1955;1.0;992;t
US-RI;sptinc992t;p0p100;1956;1.0;992;t
US-RI;sptinc992t;p0p100;1957;1.0;992;t
US-RI;sptinc992t;p0p100;1958;1.0;992;t
US-RI;sptinc992t;p0p100;1959;1.0;992;t
US-RI;sptinc992t;p0p100;1960;1.0;992;t
US-RI;sptinc992t;p0p100;1961;1.0;992;t
US-RI;sptinc992t;p0p100;1962;1.0;992;t
US-RI;sptinc992t;p0p100;1963;1.0;992;t
US-RI;sptinc992t;p0p100;1964;1.0;992;t
US-RI;sptinc992t;p0p100;1965;1.0;992;t
US-RI;sptinc992t;p0p100;1966;1.0;992;t
US-RI;sptinc992t;p0p100;1967;1.0;992;t
US-RI;sptinc992t;p0p100;1968;1.0;992;t
US-RI;sptinc992t;p0p100;1969;1.0;992;t
US-RI;sptinc992t;p0p100;1970;1.0;992;t
US-RI;sptinc992t;p0p100;1971;1.0;992;t
US-RI;sptinc992t;p0p100;1972;1.0;992;t
US-RI;sptinc992t;p0p100;1973;1.0;992;t
US-RI;sptinc992t;p0p100;1974;1.0;992;t
US-RI;sptinc992t;p0p100;1975;1.0;992;t
US-RI;sptinc992t;p0p100;1976;1.0;992;t
US-RI;sptinc992t;p0p100;1977;1.0;992;t
US-RI;sptinc992t;p0p100;1978;1.0;992;t
US-RI;sptinc992t;p0p100;1979;1.0;992;t
US-RI;sptinc992t;p0p100;1980;1.0;992;t
US-RI;sptinc992t;p0p100;1981;1.0;992;t
US-RI;sptinc992t;p0p100;1982;1.0;992;t
US-RI;sptinc992t;p0p100;1983;1.0;992;t
US-RI;sptinc992t;p0p100;1984;1.0;992;t
US-RI;sptinc992t;p0p100;1985;1.0;992;t
US-RI;sptinc992t;p0p100;1986;1.0;992;t
US-RI;sptinc992t;p0p100;1987;1.0;992;t
US-RI;sptinc992t;p0p100;1988;1.0;992;t
US-RI;sptinc992t;p0p100;1989;1.0;992;t
US-RI;sptinc992t;p0p100;1990;1.0;992;t
US-RI;sptinc992t;p0p100;1991;1.0;992;t
US-RI;sptinc992t;p0p100;1992;1.0;992;t
US-RI;sptinc992t;p0p100;1993;1.0;992;t
US-RI;sptinc992t;p0p100;1994;1.0;992;t
US-RI;sptinc992t;p0p100;1995;1.0;992;t
US-RI;sptinc992t;p0p100;1996;1.0;992;t
US-RI;sptinc992t;p0p100;1997;1.0;992;t
US-RI;sptinc992t;p0p100;1998;1.0;992;t
US-RI;sptinc992t;p0p100;1999;1.0;992;t
US-RI;sptinc992t;p0p100;2000;1.0;992;t
US-RI;sptinc992t;p0p100;2001;1.0;992;t
US-RI;sptinc992t;p0p100;2002;1.0;992;t
US-RI;sptinc992t;p0p100;2003;1.0;992;t
US-RI;sptinc992t;p0p100;2004;1.0;992;t
US-RI;sptinc992t;p0p100;2005;1.0;992;t
US-RI;sptinc992t;p0p100;2006;1.0;992;t
US-RI;sptinc992t;p0p100;2007;1.0;992;t
US-RI;sptinc992t;p0p100;2008;1.0;992;t
US-RI;sptinc992t;p0p100;2009;1.0;992;t
US-RI;sptinc992t;p0p100;2010;1.0;992;t
US-RI;sptinc992t;p0p100;2011;1.0;992;t
US-RI;sptinc992t;p0p100;2012;1.0;992;t
US-RI;sptinc992t;p0p100;2013;1.0;992;t
US-RI;sptinc992t;p0p100;2014;1.0;992;t
US-RI;sptinc992t;p0p100;2015;1.0;992;t
US-RI;sptinc992t;p0p100;2016;1.0;992;t
US-RI;sptinc992t;p0p100;2017;1.0;992;t
US-RI;sptinc992t;p0p100;2018;1.0;992;t
US-RI;afiinc992t;p99.5p99.9;1917;371015.5;992;t
US-RI;afiinc992t;p99.5p99.9;1918;353365.0;992;t
US-RI;afiinc992t;p99.5p99.9;1919;322136.9;992;t
US-RI;afiinc992t;p99.5p99.9;1920;299078.9;992;t
US-RI;afiinc992t;p99.5p99.9;1921;300821.8;992;t
US-RI;afiinc992t;p99.5p99.9;1922;351792.2;992;t
US-RI;afiinc992t;p99.5p99.9;1923;343213.9;992;t
US-RI;afiinc992t;p99.5p99.9;1924;373337.1;992;t
US-RI;afiinc992t;p99.5p99.9;1925;399895.3;992;t
US-RI;afiinc992t;p99.5p99.9;1926;395593.2;992;t
US-RI;afiinc992t;p99.5p99.9;1927;427657.0;992;t
US-RI;afiinc992t;p99.5p99.9;1928;478592.3;992;t
US-RI;afiinc992t;p99.5p99.9;1929;481994.2;992;t
US-RI;afiinc992t;p99.5p99.9;1930;342957.3;992;t
US-RI;afiinc992t;p99.5p99.9;1931;289952.2;992;t
US-RI;afiinc992t;p99.5p99.9;1932;263034.4;992;t
US-RI;afiinc992t;p99.5p99.9;1933;259241.9;992;t
US-RI;afiinc992t;p99.5p99.9;1934;278166.3;992;t
US-RI;afiinc992t;p99.5p99.9;1935;301725.6;992;t
US-RI;afiinc992t;p99.5p99.9;1936;384034.9;992;t
US-RI;afiinc992t;p99.5p99.9;1937;347696.3;992;t
US-RI;afiinc992t;p99.5p99.9;1938;254342.4;992;t
US-RI;afiinc992t;p99.5p99.9;1939;309974.6;992;t
US-RI;afiinc992t;p99.5p99.9;1940;325637.3;992;t
US-RI;afiinc992t;p99.5p99.9;1941;359900.9;992;t
US-RI;afiinc992t;p99.5p99.9;1942;369859.2;992;t
US-RI;afiinc992t;p99.5p99.9;1943;376867.2;992;t
US-RI;afiinc992t;p99.5p99.9;1944;340817.0;992;t
US-RI;afiinc992t;p99.5p99.9;1945;384763.4;992;t
US-RI;afiinc992t;p99.5p99.9;1946;378320.6;992;t
US-RI;afiinc992t;p99.5p99.9;1947;313748.5;992;t
US-RI;afiinc992t;p99.5p99.9;1948;323248.6;992;t
US-RI;afiinc992t;p99.5p99.9;1949;297925.9;992;t
US-RI;afiinc992t;p99.5p99.9;1950;351652.2;992;t
US-RI;afiinc992t;p99.5p99.9;1951;355121.2;992;t
US-RI;afiinc992t;p99.5p99.9;1952;298862.8;992;t
US-RI;afiinc992t;p99.5p99.9;1953;290245.0;992;t
US-RI;afiinc992t;p99.5p99.9;1954;304066.9;992;t
US-RI;afiinc992t;p99.5p99.9;1955;469775.2;992;t
US-RI;afiinc992t;p99.5p99.9;1956;309300.9;992;t
US-RI;afiinc992t;p99.5p99.9;1957;298825.4;992;t
US-RI;afiinc992t;p99.5p99.9;1958;308199.0;992;t
US-RI;afiinc992t;p99.5p99.9;1959;291973.1;992;t
US-RI;afiinc992t;p99.5p99.9;1960;287404.4;992;t
US-RI;afiinc992t;p99.5p99.9;1961;266801.3;992;t
US-RI;afiinc992t;p99.5p99.9;1962;330946.9;992;t
US-RI;afiinc992t;p99.5p99.9;1963;356319.0;992;t
US-RI;afiinc992t;p99.5p99.9;1964;324420.6;992;t
US-RI;afiinc992t;p99.5p99.9;1965;384470.0;992;t
US-RI;afiinc992t;p99.5p99.9;1966;378953.8;992;t
US-RI;afiinc992t;p99.5p99.9;1967;427013.7;992;t
US-RI;afiinc992t;p99.5p99.9;1968;449261.8;992;t
US-RI;afiinc992t;p99.5p99.9;1969;392731.7;992;t
US-RI;afiinc992t;p99.5p99.9;1970;382676.3;992;t
US-RI;afiinc992t;p99.5p99.9;1971;370590.9;992;t
US-RI;afiinc992t;p99.5p99.9;1972;385366.2;992;t
US-RI;afiinc992t;p99.5p99.9;1973;389235.0;992;t
US-RI;afiinc992t;p99.5p99.9;1974;348524.1;992;t
US-RI;afiinc992t;p99.5p99.9;1975;342012.0;992;t
US-RI;afiinc992t;p99.5p99.9;1976;355190.3;992;t
US-RI;afiinc992t;p99.5p99.9;1977;353167.0;992;t
US-RI;afiinc992t;p99.5p99.9;1978;354656.1;992;t
US-RI;afiinc992t;p99.5p99.9;1979;385216.9;992;t
US-RI;afiinc992t;p99.5p99.9;1980;379014.5;992;t
US-RI;afiinc992t;p99.5p99.9;1981;354798.5;992;t
US-RI;afiinc992t;p99.5p99.9;1982;379751.3;992;t
US-RI;afiinc992t;p99.5p99.9;1983;378525.7;992;t
US-RI;afiinc992t;p99.5p99.9;1984;418293.5;992;t
US-RI;afiinc992t;p99.5p99.9;1985;458627.2;992;t
US-RI;afiinc992t;p99.5p99.9;1986;657864.9;992;t
US-RI;afiinc992t;p99.5p99.9;1987;540717.1;992;t
US-RI;afiinc992t;p99.5p99.9;1988;665093.3;992;t
US-RI;afiinc992t;p99.5p99.9;1989;607375.3;992;t
US-RI;afiinc992t;p99.5p99.9;1990;587815.5;992;t
US-RI;afiinc992t;p99.5p99.9;1991;546128.9;992;t
US-RI;afiinc992t;p99.5p99.9;1992;572588.4;992;t
US-RI;afiinc992t;p99.5p99.9;1993;548747.0;992;t
US-RI;afiinc992t;p99.5p99.9;1994;555804.4;992;t
US-RI;afiinc992t;p99.5p99.9;1995;623352.3;992;t
US-RI;afiinc992t;p99.5p99.9;1996;649290.3;992;t
US-RI;afiinc992t;p99.5p99.9;1997;741681.0;992;t
US-RI;afiinc992t;p99.5p99.9;1998;813292.5;992;t
US-RI;afiinc992t;p99.5p99.9;1999;859876.1;992;t
US-RI;afiinc992t;p99.5p99.9;2000;884038.0;992;t
US-RI;afiinc992t;p99.5p99.9;2001;776077.0;992;t
US-RI;afiinc992t;p99.5p99.9;2002;734660.6;992;t
US-RI;afiinc992t;p99.5p99.9;2003;760220.6;992;t
US-RI;afiinc992t;p99.5p99.9;2004;867463.0;992;t
US-RI;afiinc992t;p99.5p99.9;2005;913143.4;992;t
US-RI;afiinc992t;p99.5p99.9;2006;983751.9;992;t
US-RI;afiinc992t;p99.5p99.9;2007;1041792.0;992;t
US-RI;afiinc992t;p99.5p99.9;2008;841252.3;992;t
US-RI;afiinc992t;p99.5p99.9;2009;713261.2;992;t
US-RI;afiinc992t;p99.5p99.9;2010;769454.9;992;t
US-RI;afiinc992t;p99.5p99.9;2011;777149.3;992;t
US-RI;afiinc992t;p99.5p99.9;2012;867726.2;992;t
US-RI;afiinc992t;p99.5p99.9;2013;810939.4;992;t
US-RI;afiinc992t;p99.5p99.9;2014;886586.5;992;t
US-RI;afiinc992t;p99.5p99.9;2015;883805.6;992;t
US-RI;afiinc992t;p99.5p99.9;2016;880104.8;992;t
US-RI;afiinc992t;p99.5p99.9;2017;918319.9;992;t
US-RI;afiinc992t;p99.5p99.9;2018;925980.1;992;t
US-RI;sfiinc992t;p0p99;1917;0.764;992;t
US-RI;sfiinc992t;p0p99;1918;0.7837;992;t
US-RI;sfiinc992t;p0p99;1919;0.8111;992;t
US-RI;sfiinc992t;p0p99;1920;0.8278;992;t
US-RI;sfiinc992t;p0p99;1921;0.8155;992;t
US-RI;sfiinc992t;p0p99;1922;0.8106;992;t
US-RI;sfiinc992t;p0p99;1923;0.8352;992;t
US-RI;sfiinc992t;p0p99;1924;0.8166;992;t
US-RI;sfiinc992t;p0p99;1925;0.8018;992;t
US-RI;sfiinc992t;p0p99;1926;0.8082;992;t
US-RI;sfiinc992t;p0p99;1927;0.7938;992;t
US-RI;sfiinc992t;p0p99;1928;0.7678;992;t
US-RI;sfiinc992t;p0p99;1929;0.7643;992;t
US-RI;sfiinc992t;p0p99;1930;0.8167;992;t
US-RI;sfiinc992t;p0p99;1931;0.8348;992;t
US-RI;sfiinc992t;p0p99;1932;0.834;992;t
US-RI;sfiinc992t;p0p99;1933;0.8413;992;t
US-RI;sfiinc992t;p0p99;1934;0.8307;992;t
US-RI;sfiinc992t;p0p99;1935;0.8288;992;t
US-RI;sfiinc992t;p0p99;1936;0.8006;992;t
US-RI;sfiinc992t;p0p99;1937;0.8181;992;t
US-RI;sfiinc992t;p0p99;1938;0.855;992;t
US-RI;sfiinc992t;p0p99;1939;0.838;992;t
US-RI;sfiinc992t;p0p99;1940;0.8339;992;t
US-RI;sfiinc992t;p0p99;1941;0.8505;992;t
US-RI;sfiinc992t;p0p99;1942;0.8776;992;t
US-RI;sfiinc992t;p0p99;1943;0.8894;992;t
US-RI;sfiinc992t;p0p99;1944;0.893;992;t
US-RI;sfiinc992t;p0p99;1945;0.8763;992;t
US-RI;sfiinc992t;p0p99;1946;0.8636;992;t
US-RI;sfiinc992t;p0p99;1947;0.8752;992;t
US-RI;sfiinc992t;p0p99;1948;0.8653;992;t
US-RI;sfiinc992t;p0p99;1949;0.8739;992;t
US-RI;sfiinc992t;p0p99;1950;0.8621;992;t
US-RI;sfiinc992t;p0p99;1951;0.6521;992;t
US-RI;sfiinc992t;p0p99;1952;0.8894;992;t
US-RI;sfiinc992t;p0p99;1953;0.8988;992;t
US-RI;sfiinc992t;p0p99;1954;0.8917;992;t
US-RI;sfiinc992t;p0p99;1955;0.8633;992;t
US-RI;sfiinc992t;p0p99;1956;0.896;992;t
US-RI;sfiinc992t;p0p99;1957;0.8954;992;t
US-RI;sfiinc992t;p0p99;1958;0.8936;992;t
US-RI;sfiinc992t;p0p99;1959;0.9038;992;t
US-RI;sfiinc992t;p0p99;1960;0.9053;992;t
US-RI;sfiinc992t;p0p99;1961;0.898;992;t
US-RI;sfiinc992t;p0p99;1962;0.9038;992;t
US-RI;sfiinc992t;p0p99;1963;0.9036;992;t
US-RI;sfiinc992t;p0p99;1964;0.9007;992;t
US-RI;sfiinc992t;p0p99;1965;0.8959;992;t
US-RI;sfiinc992t;p0p99;1966;0.9006;992;t
US-RI;sfiinc992t;p0p99;1967;0.8938;992;t
US-RI;sfiinc992t;p0p99;1968;0.8941;992;t
US-RI;sfiinc992t;p0p99;1969;0.9053;992;t
US-RI;sfiinc992t;p0p99;1970;0.9152;992;t
US-RI;sfiinc992t;p0p99;1971;0.9124;992;t
US-RI;sfiinc992t;p0p99;1972;0.9057;992;t
US-RI;sfiinc992t;p0p99;1973;0.9109;992;t
US-RI;sfiinc992t;p0p99;1974;0.9132;992;t
US-RI;sfiinc992t;p0p99;1975;0.9093;992;t
US-RI;sfiinc992t;p0p99;1976;0.9083;992;t
US-RI;sfiinc992t;p0p99;1977;0.9093;992;t
US-RI;sfiinc992t;p0p99;1978;0.908;992;t
US-RI;sfiinc992t;p0p99;1979;0.8988;992;t
US-RI;sfiinc992t;p0p99;1980;0.8992;992;t
US-RI;sfiinc992t;p0p99;1981;0.9052;992;t
US-RI;sfiinc992t;p0p99;1982;0.89;992;t
US-RI;sfiinc992t;p0p99;1983;0.8947;992;t
US-RI;sfiinc992t;p0p99;1984;0.8852;992;t
US-RI;sfiinc992t;p0p99;1985;0.8828;992;t
US-RI;sfiinc992t;p0p99;1986;0.8392;992;t
US-RI;sfiinc992t;p0p99;1987;0.8762;992;t
US-RI;sfiinc992t;p0p99;1988;0.8502;992;t
US-RI;sfiinc992t;p0p99;1989;0.8684;992;t
US-RI;sfiinc992t;p0p99;1990;0.8726;992;t
US-RI;sfiinc992t;p0p99;1991;0.8704;992;t
US-RI;sfiinc992t;p0p99;1992;0.8688;992;t
US-RI;sfiinc992t;p0p99;1993;0.8754;992;t
US-RI;sfiinc992t;p0p99;1994;0.8758;992;t
US-RI;sfiinc992t;p0p99;1995;0.8661;992;t
US-RI;sfiinc992t;p0p99;1996;0.8625;992;t
US-RI;sfiinc992t;p0p99;1997;0.8362;992;t
US-RI;sfiinc992t;p0p99;1998;0.8353;992;t
US-RI;sfiinc992t;p0p99;1999;0.8386;992;t
US-RI;sfiinc992t;p0p99;2000;0.8176;992;t
US-RI;sfiinc992t;p0p99;2001;0.8372;992;t
US-RI;sfiinc992t;p0p99;2002;0.8553;992;t
US-RI;sfiinc992t;p0p99;2003;0.8508;992;t
US-RI;sfiinc992t;p0p99;2004;0.835;992;t
US-RI;sfiinc992t;p0p99;2005;0.8308;992;t
US-RI;sfiinc992t;p0p99;2006;0.8178;992;t
US-RI;sfiinc992t;p0p99;2007;0.8058;992;t
US-RI;sfiinc992t;p0p99;2008;0.8342;992;t
US-RI;sfiinc992t;p0p99;2009;0.8538;992;t
US-RI;sfiinc992t;p0p99;2010;0.8413;992;t
US-RI;sfiinc992t;p0p99;2011;0.8295;992;t
US-RI;sfiinc992t;p0p99;2012;0.8214;992;t
US-RI;sfiinc992t;p0p99;2013;0.8414;992;t
US-RI;sfiinc992t;p0p99;2014;0.8173;992;t
US-RI;sfiinc992t;p0p99;2015;0.8346;992;t
US-RI;sfiinc992t;p0p99;2016;0.8312;992;t
US-RI;sfiinc992t;p0p99;2017;0.8251;992;t
US-RI;sfiinc992t;p0p99;2018;0.827;992;t
US-RI;afiinc992t;p90p95;1917;38197.6;992;t
US-RI;afiinc992t;p90p95;1918;37082.5;992;t
US-RI;afiinc992t;p90p95;1919;32813.3;992;t
US-RI;afiinc992t;p90p95;1920;31938.9;992;t
US-RI;afiinc992t;p90p95;1921;34129.8;992;t
US-RI;afiinc992t;p90p95;1922;38032.0;992;t
US-RI;afiinc992t;p90p95;1923;43622.1;992;t
US-RI;afiinc992t;p90p95;1924;46084.7;992;t
US-RI;afiinc992t;p90p95;1925;51964.1;992;t
US-RI;afiinc992t;p90p95;1926;46355.6;992;t
US-RI;afiinc992t;p90p95;1927;44482.2;992;t
US-RI;afiinc992t;p90p95;1928;46971.4;992;t
US-RI;afiinc992t;p90p95;1929;49719.3;992;t
US-RI;afiinc992t;p90p95;1930;49704.8;992;t
US-RI;afiinc992t;p90p95;1931;55301.1;992;t
US-RI;afiinc992t;p90p95;1932;49925.8;992;t
US-RI;afiinc992t;p90p95;1933;41148.3;992;t
US-RI;afiinc992t;p90p95;1934;42065.4;992;t
US-RI;afiinc992t;p90p95;1935;44828.6;992;t
US-RI;afiinc992t;p90p95;1936;45909.6;992;t
US-RI;afiinc992t;p90p95;1937;44623.1;992;t
US-RI;afiinc992t;p90p95;1938;41769.1;992;t
US-RI;afiinc992t;p90p95;1939;42829.0;992;t
US-RI;afiinc992t;p90p95;1940;43004.6;992;t
US-RI;afiinc992t;p90p95;1941;48413.4;992;t
US-RI;afiinc992t;p90p95;1942;48968.6;992;t
US-RI;afiinc992t;p90p95;1943;47369.1;992;t
US-RI;afiinc992t;p90p95;1944;46751.0;992;t
US-RI;afiinc992t;p90p95;1945;47849.1;992;t
US-RI;afiinc992t;p90p95;1946;46311.5;992;t
US-RI;afiinc992t;p90p95;1947;45490.0;992;t
US-RI;afiinc992t;p90p95;1948;48450.2;992;t
US-RI;afiinc992t;p90p95;1949;43665.4;992;t
US-RI;afiinc992t;p90p95;1950;53649.0;992;t
US-RI;afiinc992t;p90p95;1951;53294.8;992;t
US-RI;afiinc992t;p90p95;1952;61568.1;992;t
US-RI;afiinc992t;p90p95;1953;52440.6;992;t
US-RI;afiinc992t;p90p95;1954;50830.8;992;t
US-RI;afiinc992t;p90p95;1955;52211.6;992;t
US-RI;afiinc992t;p90p95;1956;55859.3;992;t
US-RI;afiinc992t;p90p95;1957;56150.7;992;t
US-RI;afiinc992t;p90p95;1958;57902.6;992;t
US-RI;afiinc992t;p90p95;1959;61292.5;992;t
US-RI;afiinc992t;p90p95;1960;61969.5;992;t
US-RI;afiinc992t;p90p95;1961;65426.2;992;t
US-RI;afiinc992t;p90p95;1962;66735.4;992;t
US-RI;afiinc992t;p90p95;1963;69753.8;992;t
US-RI;afiinc992t;p90p95;1964;74941.7;992;t
US-RI;afiinc992t;p90p95;1965;78457.2;992;t
US-RI;afiinc992t;p90p95;1966;75255.8;992;t
US-RI;afiinc992t;p90p95;1967;81657.3;992;t
US-RI;afiinc992t;p90p95;1968;85817.5;992;t
US-RI;afiinc992t;p90p95;1969;87052.8;992;t
US-RI;afiinc992t;p90p95;1970;86627.2;992;t
US-RI;afiinc992t;p90p95;1971;90124.8;992;t
US-RI;afiinc992t;p90p95;1972;89122.0;992;t
US-RI;afiinc992t;p90p95;1973;94871.5;992;t
US-RI;afiinc992t;p90p95;1974;93835.7;992;t
US-RI;afiinc992t;p90p95;1975;87317.2;992;t
US-RI;afiinc992t;p90p95;1976;88915.3;992;t
US-RI;afiinc992t;p90p95;1977;89283.9;992;t
US-RI;afiinc992t;p90p95;1978;88903.9;992;t
US-RI;afiinc992t;p90p95;1979;93616.2;992;t
US-RI;afiinc992t;p90p95;1980;94499.8;992;t
US-RI;afiinc992t;p90p95;1981;101375.3;992;t
US-RI;afiinc992t;p90p95;1982;87975.5;992;t
US-RI;afiinc992t;p90p95;1983;90648.9;992;t
US-RI;afiinc992t;p90p95;1984;93467.8;992;t
US-RI;afiinc992t;p90p95;1985;99554.5;992;t
US-RI;afiinc992t;p90p95;1986;107922.8;992;t
US-RI;afiinc992t;p90p95;1987;112493.5;992;t
US-RI;afiinc992t;p90p95;1988;116436.5;992;t
US-RI;afiinc992t;p90p95;1989;117227.7;992;t
US-RI;afiinc992t;p90p95;1990;115005.1;992;t
US-RI;afiinc992t;p90p95;1991;115103.9;992;t
US-RI;afiinc992t;p90p95;1992;113955.3;992;t
US-RI;afiinc992t;p90p95;1993;113945.9;992;t
US-RI;afiinc992t;p90p95;1994;117424.3;992;t
US-RI;afiinc992t;p90p95;1995;122903.7;992;t
US-RI;afiinc992t;p90p95;1996;125930.2;992;t
US-RI;afiinc992t;p90p95;1997;129971.7;992;t
US-RI;afiinc992t;p90p95;1998;137042.0;992;t
US-RI;afiinc992t;p90p95;1999;144172.7;992;t
US-RI;afiinc992t;p90p95;2000;146068.2;992;t
US-RI;afiinc992t;p90p95;2001;144835.4;992;t
US-RI;afiinc992t;p90p95;2002;141871.2;992;t
US-RI;afiinc992t;p90p95;2003;143171.1;992;t
US-RI;afiinc992t;p90p95;2004;148659.8;992;t
US-RI;afiinc992t;p90p95;2005;148087.7;992;t
US-RI;afiinc992t;p90p95;2006;154257.2;992;t
US-RI;afiinc992t;p90p95;2007;157766.3;992;t
US-RI;afiinc992t;p90p95;2008;154069.2;992;t
US-RI;afiinc992t;p90p95;2009;149121.6;992;t
US-RI;afiinc992t;p90p95;2010;150700.9;992;t
US-RI;afiinc992t;p90p95;2011;151187.8;992;t
US-RI;afiinc992t;p90p95;2012;151723.0;992;t
US-RI;afiinc992t;p90p95;2013;152301.7;992;t
US-RI;afiinc992t;p90p95;2014;156288.6;992;t
US-RI;afiinc992t;p90p95;2015;159159.8;992;t
US-RI;afiinc992t;p90p95;2016;158748.8;992;t
US-RI;afiinc992t;p90p95;2017;154958.9;992;t
US-RI;afiinc992t;p90p95;2018;158130.3;992;t
US-RI;sfiinc992t;p90p100;1917;0.4557;992;t
US-RI;sfiinc992t;p90p100;1918;0.4415;992;t
US-RI;sfiinc992t;p90p100;1919;0.4001;992;t
US-RI;sfiinc992t;p90p100;1920;0.3763;992;t
US-RI;sfiinc992t;p90p100;1921;0.4162;992;t
US-RI;sfiinc992t;p90p100;1922;0.4182;992;t
US-RI;sfiinc992t;p90p100;1923;0.3944;992;t
US-RI;sfiinc992t;p90p100;1924;0.421;992;t
US-RI;sfiinc992t;p90p100;1925;0.4426;992;t
US-RI;sfiinc992t;p90p100;1926;0.4305;992;t
US-RI;sfiinc992t;p90p100;1927;0.4427;992;t
US-RI;sfiinc992t;p90p100;1928;0.4715;992;t
US-RI;sfiinc992t;p90p100;1929;0.4793;992;t
US-RI;sfiinc992t;p90p100;1930;0.4487;992;t
US-RI;sfiinc992t;p90p100;1931;0.4577;992;t
US-RI;sfiinc992t;p90p100;1932;0.4577;992;t
US-RI;sfiinc992t;p90p100;1933;0.416;992;t
US-RI;sfiinc992t;p90p100;1934;0.4423;992;t
US-RI;sfiinc992t;p90p100;1935;0.4265;992;t
US-RI;sfiinc992t;p90p100;1936;0.4477;992;t
US-RI;sfiinc992t;p90p100;1937;0.4296;992;t
US-RI;sfiinc992t;p90p100;1938;0.39;992;t
US-RI;sfiinc992t;p90p100;1939;0.4062;992;t
US-RI;sfiinc992t;p90p100;1940;0.4057;992;t
US-RI;sfiinc992t;p90p100;1941;0.3613;992;t
US-RI;sfiinc992t;p90p100;1942;0.3058;992;t
US-RI;sfiinc992t;p90p100;1943;0.2738;992;t
US-RI;sfiinc992t;p90p100;1944;0.2761;992;t
US-RI;sfiinc992t;p90p100;1945;0.3045;992;t
US-RI;sfiinc992t;p90p100;1946;0.3379;992;t
US-RI;sfiinc992t;p90p100;1947;0.3259;992;t
US-RI;sfiinc992t;p90p100;1948;0.3576;992;t
US-RI;sfiinc992t;p90p100;1949;0.3398;992;t
US-RI;sfiinc992t;p90p100;1950;0.3554;992;t
US-RI;sfiinc992t;p90p100;1951;0.3464;992;t
US-RI;sfiinc992t;p90p100;1952;0.335;992;t
US-RI;sfiinc992t;p90p100;1953;0.3027;992;t
US-RI;sfiinc992t;p90p100;1954;0.3075;992;t
US-RI;sfiinc992t;p90p100;1955;0.3381;992;t
US-RI;sfiinc992t;p90p100;1956;0.3103;992;t
US-RI;sfiinc992t;p90p100;1957;0.3009;992;t
US-RI;sfiinc992t;p90p100;1958;0.317;992;t
US-RI;sfiinc992t;p90p100;1959;0.3037;992;t
US-RI;sfiinc992t;p90p100;1960;0.3112;992;t
US-RI;sfiinc992t;p90p100;1961;0.325;992;t
US-RI;sfiinc992t;p90p100;1962;0.3089;992;t
US-RI;sfiinc992t;p90p100;1963;0.3124;992;t
US-RI;sfiinc992t;p90p100;1964;0.3344;992;t
US-RI;sfiinc992t;p90p100;1965;0.3231;992;t
US-RI;sfiinc992t;p90p100;1966;0.3061;992;t
US-RI;sfiinc992t;p90p100;1967;0.3188;992;t
US-RI;sfiinc992t;p90p100;1968;0.32;992;t
US-RI;sfiinc992t;p90p100;1969;0.3131;992;t
US-RI;sfiinc992t;p90p100;1970;0.2973;992;t
US-RI;sfiinc992t;p90p100;1971;0.3113;992;t
US-RI;sfiinc992t;p90p100;1972;0.3099;992;t
US-RI;sfiinc992t;p90p100;1973;0.3287;992;t
US-RI;sfiinc992t;p90p100;1974;0.3333;992;t
US-RI;sfiinc992t;p90p100;1975;0.3421;992;t
US-RI;sfiinc992t;p90p100;1976;0.333;992;t
US-RI;sfiinc992t;p90p100;1977;0.3317;992;t
US-RI;sfiinc992t;p90p100;1978;0.3386;992;t
US-RI;sfiinc992t;p90p100;1979;0.3562;992;t
US-RI;sfiinc992t;p90p100;1980;0.3475;992;t
US-RI;sfiinc992t;p90p100;1981;0.3476;992;t
US-RI;sfiinc992t;p90p100;1982;0.3496;992;t
US-RI;sfiinc992t;p90p100;1983;0.3412;992;t
US-RI;sfiinc992t;p90p100;1984;0.3495;992;t
US-RI;sfiinc992t;p90p100;1985;0.3525;992;t
US-RI;sfiinc992t;p90p100;1986;0.3996;992;t
US-RI;sfiinc992t;p90p100;1987;0.3767;992;t
US-RI;sfiinc992t;p90p100;1988;0.3986;992;t
US-RI;sfiinc992t;p90p100;1989;0.3795;992;t
US-RI;sfiinc992t;p90p100;1990;0.3793;992;t
US-RI;sfiinc992t;p90p100;1991;0.398;992;t
US-RI;sfiinc992t;p90p100;1992;0.3939;992;t
US-RI;sfiinc992t;p90p100;1993;0.3895;992;t
US-RI;sfiinc992t;p90p100;1994;0.3906;992;t
US-RI;sfiinc992t;p90p100;1995;0.398;992;t
US-RI;sfiinc992t;p90p100;1996;0.405;992;t
US-RI;sfiinc992t;p90p100;1997;0.4325;992;t
US-RI;sfiinc992t;p90p100;1998;0.4277;992;t
US-RI;sfiinc992t;p90p100;1999;0.4248;992;t
US-RI;sfiinc992t;p90p100;2000;0.4537;992;t
US-RI;sfiinc992t;p90p100;2001;0.4352;992;t
US-RI;sfiinc992t;p90p100;2002;0.4216;992;t
US-RI;sfiinc992t;p90p100;2003;0.4227;992;t
US-RI;sfiinc992t;p90p100;2004;0.4321;992;t
US-RI;sfiinc992t;p90p100;2005;0.4366;992;t
US-RI;sfiinc992t;p90p100;2006;0.4486;992;t
US-RI;sfiinc992t;p90p100;2007;0.4585;992;t
US-RI;sfiinc992t;p90p100;2008;0.4422;992;t
US-RI;sfiinc992t;p90p100;2009;0.4327;992;t
US-RI;sfiinc992t;p90p100;2010;0.4404;992;t
US-RI;sfiinc992t;p90p100;2011;0.459;992;t
US-RI;sfiinc992t;p90p100;2012;0.4554;992;t
US-RI;sfiinc992t;p90p100;2013;0.4372;992;t
US-RI;sfiinc992t;p90p100;2014;0.4675;992;t
US-RI;sfiinc992t;p90p100;2015;0.4533;992;t
US-RI;sfiinc992t;p90p100;2016;0.4639;992;t
US-RI;sfiinc992t;p90p100;2017;0.462;992;t
US-RI;sfiinc992t;p90p100;2018;0.459;992;t
US-RI;sptinc992t;p99p99.5;1917;0.0384;992;t
US-RI;sptinc992t;p99p99.5;1918;0.0411;992;t
US-RI;sptinc992t;p99p99.5;1919;0.0399;992;t
US-RI;sptinc992t;p99p99.5;1920;0.0379;992;t
US-RI;sptinc992t;p99p99.5;1921;0.0417;992;t
US-RI;sptinc992t;p99p99.5;1922;0.0423;992;t
US-RI;sptinc992t;p99p99.5;1923;0.0388;992;t
US-RI;sptinc992t;p99p99.5;1924;0.0407;992;t
US-RI;sptinc992t;p99p99.5;1925;0.0417;992;t
US-RI;sptinc992t;p99p99.5;1926;0.0432;992;t
US-RI;sptinc992t;p99p99.5;1927;0.0457;992;t
US-RI;sptinc992t;p99p99.5;1928;0.0484;992;t
US-RI;sptinc992t;p99p99.5;1929;0.0481;992;t
US-RI;sptinc992t;p99p99.5;1930;0.043;992;t
US-RI;sptinc992t;p99p99.5;1931;0.0404;992;t
US-RI;sptinc992t;p99p99.5;1932;0.0388;992;t
US-RI;sptinc992t;p99p99.5;1933;0.0374;992;t
US-RI;sptinc992t;p99p99.5;1934;0.0401;992;t
US-RI;sptinc992t;p99p99.5;1935;0.04;992;t
US-RI;sptinc992t;p99p99.5;1936;0.0452;992;t
US-RI;sptinc992t;p99p99.5;1937;0.042;992;t
US-RI;sptinc992t;p99p99.5;1938;0.0369;992;t
US-RI;sptinc992t;p99p99.5;1939;0.0395;992;t
US-RI;sptinc992t;p99p99.5;1940;0.04;992;t
US-RI;sptinc992t;p99p99.5;1941;0.0359;992;t
US-RI;sptinc992t;p99p99.5;1942;0.0307;992;t
US-RI;sptinc992t;p99p99.5;1943;0.0276;992;t
US-RI;sptinc992t;p99p99.5;1944;0.0282;992;t
US-RI;sptinc992t;p99p99.5;1945;0.032;992;t
US-RI;sptinc992t;p99p99.5;1946;0.0355;992;t
US-RI;sptinc992t;p99p99.5;1947;0.0317;992;t
US-RI;sptinc992t;p99p99.5;1948;0.0349;992;t
US-RI;sptinc992t;p99p99.5;1949;0.0333;992;t
US-RI;sptinc992t;p99p99.5;1950;0.0351;992;t
US-RI;sptinc992t;p99p99.5;1951;0.0339;992;t
US-RI;sptinc992t;p99p99.5;1952;0.0304;992;t
US-RI;sptinc992t;p99p99.5;1953;0.0287;992;t
US-RI;sptinc992t;p99p99.5;1954;0.0292;992;t
US-RI;sptinc992t;p99p99.5;1955;0.0324;992;t
US-RI;sptinc992t;p99p99.5;1956;0.0282;992;t
US-RI;sptinc992t;p99p99.5;1957;0.0295;992;t
US-RI;sptinc992t;p99p99.5;1958;0.0279;992;t
US-RI;sptinc992t;p99p99.5;1959;0.0253;992;t
US-RI;sptinc992t;p99p99.5;1960;0.0259;992;t
US-RI;sptinc992t;p99p99.5;1961;0.0372;992;t
US-RI;sptinc992t;p99p99.5;1962;0.0272;992;t
US-RI;sptinc992t;p99p99.5;1963;0.0285;992;t
US-RI;sptinc992t;p99p99.5;1964;0.0249;992;t
US-RI;sptinc992t;p99p99.5;1965;0.031;992;t
US-RI;sptinc992t;p99p99.5;1966;0.0287;992;t
US-RI;sptinc992t;p99p99.5;1967;0.0313;992;t
US-RI;sptinc992t;p99p99.5;1968;0.0298;992;t
US-RI;sptinc992t;p99p99.5;1969;0.0263;992;t
US-RI;sptinc992t;p99p99.5;1970;0.0259;992;t
US-RI;sptinc992t;p99p99.5;1971;0.0275;992;t
US-RI;sptinc992t;p99p99.5;1972;0.0253;992;t
US-RI;sptinc992t;p99p99.5;1973;0.0279;992;t
US-RI;sptinc992t;p99p99.5;1974;0.0276;992;t
US-RI;sptinc992t;p99p99.5;1975;0.0298;992;t
US-RI;sptinc992t;p99p99.5;1976;0.0305;992;t
US-RI;sptinc992t;p99p99.5;1977;0.0289;992;t
US-RI;sptinc992t;p99p99.5;1978;0.0304;992;t
US-RI;sptinc992t;p99p99.5;1979;0.0312;992;t
US-RI;sptinc992t;p99p99.5;1980;0.0287;992;t
US-RI;sptinc992t;p99p99.5;1981;0.0276;992;t
US-RI;sptinc992t;p99p99.5;1982;0.0288;992;t
US-RI;sptinc992t;p99p99.5;1983;0.0274;992;t
US-RI;sptinc992t;p99p99.5;1984;0.0281;992;t
US-RI;sptinc992t;p99p99.5;1985;0.0284;992;t
US-RI;sptinc992t;p99p99.5;1986;0.0326;992;t
US-RI;sptinc992t;p99p99.5;1987;0.0316;992;t
US-RI;sptinc992t;p99p99.5;1988;0.0332;992;t
US-RI;sptinc992t;p99p99.5;1989;0.0318;992;t
US-RI;sptinc992t;p99p99.5;1990;0.0324;992;t
US-RI;sptinc992t;p99p99.5;1991;0.0328;992;t
US-RI;sptinc992t;p99p99.5;1992;0.0334;992;t
US-RI;sptinc992t;p99p99.5;1993;0.0329;992;t
US-RI;sptinc992t;p99p99.5;1994;0.0335;992;t
US-RI;sptinc992t;p99p99.5;1995;0.0343;992;t
US-RI;sptinc992t;p99p99.5;1996;0.035;992;t
US-RI;sptinc992t;p99p99.5;1997;0.0368;992;t
US-RI;sptinc992t;p99p99.5;1998;0.0366;992;t
US-RI;sptinc992t;p99p99.5;1999;0.037;992;t
US-RI;sptinc992t;p99p99.5;2000;0.0363;992;t
US-RI;sptinc992t;p99p99.5;2001;0.0372;992;t
US-RI;sptinc992t;p99p99.5;2002;0.0361;992;t
US-RI;sptinc992t;p99p99.5;2003;0.036;992;t
US-RI;sptinc992t;p99p99.5;2004;0.037;992;t
US-RI;sptinc992t;p99p99.5;2005;0.0375;992;t
US-RI;sptinc992t;p99p99.5;2006;0.038;992;t
US-RI;sptinc992t;p99p99.5;2007;0.0383;992;t
US-RI;sptinc992t;p99p99.5;2008;0.0365;992;t
US-RI;sptinc992t;p99p99.5;2009;0.0359;992;t
US-RI;sptinc992t;p99p99.5;2010;0.0351;992;t
US-RI;sptinc992t;p99p99.5;2011;0.0358;992;t
US-RI;sptinc992t;p99p99.5;2012;0.0362;992;t
US-RI;sptinc992t;p99p99.5;2013;0.037;992;t
US-RI;sptinc992t;p99p99.5;2014;0.0376;992;t
US-RI;sptinc992t;p99p99.5;2015;0.0376;992;t
US-RI;sptinc992t;p99p99.5;2016;0.0387;992;t
US-RI;sptinc992t;p99p99.5;2017;0.0395;992;t
US-RI;sptinc992t;p99p99.5;2018;0.0392;992;t
US-RI;sfiinc992t;p99p99.5;1917;0.0384;992;t
US-RI;sfiinc992t;p99p99.5;1918;0.0411;992;t
US-RI;sfiinc992t;p99p99.5;1919;0.0399;992;t
US-RI;sfiinc992t;p99p99.5;1920;0.0379;992;t
US-RI;sfiinc992t;p99p99.5;1921;0.0417;992;t
US-RI;sfiinc992t;p99p99.5;1922;0.0423;992;t
US-RI;sfiinc992t;p99p99.5;1923;0.0388;992;t
US-RI;sfiinc992t;p99p99.5;1924;0.0407;992;t
US-RI;sfiinc992t;p99p99.5;1925;0.0417;992;t
US-RI;sfiinc992t;p99p99.5;1926;0.0432;992;t
US-RI;sfiinc992t;p99p99.5;1927;0.0457;992;t
US-RI;sfiinc992t;p99p99.5;1928;0.0484;992;t
US-RI;sfiinc992t;p99p99.5;1929;0.0481;992;t
US-RI;sfiinc992t;p99p99.5;1930;0.043;992;t
US-RI;sfiinc992t;p99p99.5;1931;0.0404;992;t
US-RI;sfiinc992t;p99p99.5;1932;0.0388;992;t
US-RI;sfiinc992t;p99p99.5;1933;0.0374;992;t
US-RI;sfiinc992t;p99p99.5;1934;0.0401;992;t
US-RI;sfiinc992t;p99p99.5;1935;0.04;992;t
US-RI;sfiinc992t;p99p99.5;1936;0.0452;992;t
US-RI;sfiinc992t;p99p99.5;1937;0.042;992;t
US-RI;sfiinc992t;p99p99.5;1938;0.0369;992;t
US-RI;sfiinc992t;p99p99.5;1939;0.0395;992;t
US-RI;sfiinc992t;p99p99.5;1940;0.04;992;t
US-RI;sfiinc992t;p99p99.5;1941;0.0359;992;t
US-RI;sfiinc992t;p99p99.5;1942;0.0307;992;t
US-RI;sfiinc992t;p99p99.5;1943;0.0276;992;t
US-RI;sfiinc992t;p99p99.5;1944;0.0282;992;t
US-RI;sfiinc992t;p99p99.5;1945;0.032;992;t
US-RI;sfiinc992t;p99p99.5;1946;0.0355;992;t
US-RI;sfiinc992t;p99p99.5;1947;0.0317;992;t
US-RI;sfiinc992t;p99p99.5;1948;0.0349;992;t
US-RI;sfiinc992t;p99p99.5;1949;0.0333;992;t
US-RI;sfiinc992t;p99p99.5;1950;0.0351;992;t
US-RI;sfiinc992t;p99p99.5;1951;0.0339;992;t
US-RI;sfiinc992t;p99p99.5;1952;0.0304;992;t
US-RI;sfiinc992t;p99p99.5;1953;0.0287;992;t
US-RI;sfiinc992t;p99p99.5;1954;0.0292;992;t
US-RI;sfiinc992t;p99p99.5;1955;0.0324;992;t
US-RI;sfiinc992t;p99p99.5;1956;0.0282;992;t
US-RI;sfiinc992t;p99p99.5;1957;0.0295;992;t
US-RI;sfiinc992t;p99p99.5;1958;0.0279;992;t
US-RI;sfiinc992t;p99p99.5;1959;0.0253;992;t
US-RI;sfiinc992t;p99p99.5;1960;0.0259;992;t
US-RI;sfiinc992t;p99p99.5;1961;0.0372;992;t
US-RI;sfiinc992t;p99p99.5;1962;0.0272;992;t
US-RI;sfiinc992t;p99p99.5;1963;0.0285;992;t
US-RI;sfiinc992t;p99p99.5;1964;0.0249;992;t
US-RI;sfiinc992t;p99p99.5;1965;0.031;992;t
US-RI;sfiinc992t;p99p99.5;1966;0.0287;992;t
US-RI;sfiinc992t;p99p99.5;1967;0.0313;992;t
US-RI;sfiinc992t;p99p99.5;1968;0.0298;992;t
US-RI;sfiinc992t;p99p99.5;1969;0.0263;992;t
US-RI;sfiinc992t;p99p99.5;1970;0.0259;992;t
US-RI;sfiinc992t;p99p99.5;1971;0.0275;992;t
US-RI;sfiinc992t;p99p99.5;1972;0.0253;992;t
US-RI;sfiinc992t;p99p99.5;1973;0.0279;992;t
US-RI;sfiinc992t;p99p99.5;1974;0.0276;992;t
US-RI;sfiinc992t;p99p99.5;1975;0.0298;992;t
US-RI;sfiinc992t;p99p99.5;1976;0.0305;992;t
US-RI;sfiinc992t;p99p99.5;1977;0.0289;992;t
US-RI;sfiinc992t;p99p99.5;1978;0.0304;992;t
US-RI;sfiinc992t;p99p99.5;1979;0.0312;992;t
US-RI;sfiinc992t;p99p99.5;1980;0.0287;992;t
US-RI;sfiinc992t;p99p99.5;1981;0.0276;992;t
US-RI;sfiinc992t;p99p99.5;1982;0.0288;992;t
US-RI;sfiinc992t;p99p99.5;1983;0.0274;992;t
US-RI;sfiinc992t;p99p99.5;1984;0.0281;992;t
US-RI;sfiinc992t;p99p99.5;1985;0.0284;992;t
US-RI;sfiinc992t;p99p99.5;1986;0.0326;992;t
US-RI;sfiinc992t;p99p99.5;1987;0.0316;992;t
US-RI;sfiinc992t;p99p99.5;1988;0.0332;992;t
US-RI;sfiinc992t;p99p99.5;1989;0.0318;992;t
US-RI;sfiinc992t;p99p99.5;1990;0.0324;992;t
US-RI;sfiinc992t;p99p99.5;1991;0.0328;992;t
US-RI;sfiinc992t;p99p99.5;1992;0.0334;992;t
US-RI;sfiinc992t;p99p99.5;1993;0.0329;992;t
US-RI;sfiinc992t;p99p99.5;1994;0.0335;992;t
US-RI;sfiinc992t;p99p99.5;1995;0.0343;992;t
US-RI;sfiinc992t;p99p99.5;1996;0.035;992;t
US-RI;sfiinc992t;p99p99.5;1997;0.0368;992;t
US-RI;sfiinc992t;p99p99.5;1998;0.0366;992;t
US-RI;sfiinc992t;p99p99.5;1999;0.037;992;t
US-RI;sfiinc992t;p99p99.5;2000;0.0363;992;t
US-RI;sfiinc992t;p99p99.5;2001;0.0372;992;t
US-RI;sfiinc992t;p99p99.5;2002;0.0361;992;t
US-RI;sfiinc992t;p99p99.5;2003;0.036;992;t
US-RI;sfiinc992t;p99p99.5;2004;0.037;992;t
US-RI;sfiinc992t;p99p99.5;2005;0.0375;992;t
US-RI;sfiinc992t;p99p99.5;2006;0.038;992;t
US-RI;sfiinc992t;p99p99.5;2007;0.0383;992;t
US-RI;sfiinc992t;p99p99.5;2008;0.0365;992;t
US-RI;sfiinc992t;p99p99.5;2009;0.0359;992;t
US-RI;sfiinc992t;p99p99.5;2010;0.0351;992;t
US-RI;sfiinc992t;p99p99.5;2011;0.0358;992;t
US-RI;sfiinc992t;p99p99.5;2012;0.0362;992;t
US-RI;sfiinc992t;p99p99.5;2013;0.037;992;t
US-RI;sfiinc992t;p99p99.5;2014;0.0376;992;t
US-RI;sfiinc992t;p99p99.5;2015;0.0376;992;t
US-RI;sfiinc992t;p99p99.5;2016;0.0387;992;t
US-RI;sfiinc992t;p99p99.5;2017;0.0395;992;t
US-RI;sfiinc992t;p99p99.5;2018;0.0392;992;t
US-RI;sfiinc992t;p99p100;1917;0.236;992;t
US-RI;sfiinc992t;p99p100;1918;0.2163;992;t
US-RI;sfiinc992t;p99p100;1919;0.1889;992;t
US-RI;sfiinc992t;p99p100;1920;0.1722;992;t
US-RI;sfiinc992t;p99p100;1921;0.1845;992;t
US-RI;sfiinc992t;p99p100;1922;0.1894;992;t
US-RI;sfiinc992t;p99p100;1923;0.1648;992;t
US-RI;sfiinc992t;p99p100;1924;0.1834;992;t
US-RI;sfiinc992t;p99p100;1925;0.1982;992;t
US-RI;sfiinc992t;p99p100;1926;0.1918;992;t
US-RI;sfiinc992t;p99p100;1927;0.2062;992;t
US-RI;sfiinc992t;p99p100;1928;0.2322;992;t
US-RI;sfiinc992t;p99p100;1929;0.2357;992;t
US-RI;sfiinc992t;p99p100;1930;0.1833;992;t
US-RI;sfiinc992t;p99p100;1931;0.1652;992;t
US-RI;sfiinc992t;p99p100;1932;0.166;992;t
US-RI;sfiinc992t;p99p100;1933;0.1587;992;t
US-RI;sfiinc992t;p99p100;1934;0.1693;992;t
US-RI;sfiinc992t;p99p100;1935;0.1712;992;t
US-RI;sfiinc992t;p99p100;1936;0.1994;992;t
US-RI;sfiinc992t;p99p100;1937;0.1819;992;t
US-RI;sfiinc992t;p99p100;1938;0.145;992;t
US-RI;sfiinc992t;p99p100;1939;0.162;992;t
US-RI;sfiinc992t;p99p100;1940;0.1661;992;t
US-RI;sfiinc992t;p99p100;1941;0.1495;992;t
US-RI;sfiinc992t;p99p100;1942;0.1224;992;t
US-RI;sfiinc992t;p99p100;1943;0.1106;992;t
US-RI;sfiinc992t;p99p100;1944;0.107;992;t
US-RI;sfiinc992t;p99p100;1945;0.1237;992;t
US-RI;sfiinc992t;p99p100;1946;0.1364;992;t
US-RI;sfiinc992t;p99p100;1947;0.1248;992;t
US-RI;sfiinc992t;p99p100;1948;0.1347;992;t
US-RI;sfiinc992t;p99p100;1949;0.1261;992;t
US-RI;sfiinc992t;p99p100;1950;0.1379;992;t
US-RI;sfiinc992t;p99p100;1951;0.1358;992;t
US-RI;sfiinc992t;p99p100;1952;0.1106;992;t
US-RI;sfiinc992t;p99p100;1953;0.1012;992;t
US-RI;sfiinc992t;p99p100;1954;0.1083;992;t
US-RI;sfiinc992t;p99p100;1955;0.1367;992;t
US-RI;sfiinc992t;p99p100;1956;0.104;992;t
US-RI;sfiinc992t;p99p100;1957;0.1046;992;t
US-RI;sfiinc992t;p99p100;1958;0.1064;992;t
US-RI;sfiinc992t;p99p100;1959;0.0962;992;t
US-RI;sfiinc992t;p99p100;1960;0.0947;992;t
US-RI;sfiinc992t;p99p100;1961;0.102;992;t
US-RI;sfiinc992t;p99p100;1962;0.0962;992;t
US-RI;sfiinc992t;p99p100;1963;0.0964;992;t
US-RI;sfiinc992t;p99p100;1964;0.0993;992;t
US-RI;sfiinc992t;p99p100;1965;0.1041;992;t
US-RI;sfiinc992t;p99p100;1966;0.0994;992;t
US-RI;sfiinc992t;p99p100;1967;0.1062;992;t
US-RI;sfiinc992t;p99p100;1968;0.1059;992;t
US-RI;sfiinc992t;p99p100;1969;0.0947;992;t
US-RI;sfiinc992t;p99p100;1970;0.0848;992;t
US-RI;sfiinc992t;p99p100;1971;0.0876;992;t
US-RI;sfiinc992t;p99p100;1972;0.0943;992;t
US-RI;sfiinc992t;p99p100;1973;0.0891;992;t
US-RI;sfiinc992t;p99p100;1974;0.0868;992;t
US-RI;sfiinc992t;p99p100;1975;0.0907;992;t
US-RI;sfiinc992t;p99p100;1976;0.0917;992;t
US-RI;sfiinc992t;p99p100;1977;0.0907;992;t
US-RI;sfiinc992t;p99p100;1978;0.092;992;t
US-RI;sfiinc992t;p99p100;1979;0.1012;992;t
US-RI;sfiinc992t;p99p100;1980;0.1008;992;t
US-RI;sfiinc992t;p99p100;1981;0.0948;992;t
US-RI;sfiinc992t;p99p100;1982;0.11;992;t
US-RI;sfiinc992t;p99p100;1983;0.1053;992;t
US-RI;sfiinc992t;p99p100;1984;0.1148;992;t
US-RI;sfiinc992t;p99p100;1985;0.1172;992;t
US-RI;sfiinc992t;p99p100;1986;0.1608;992;t
US-RI;sfiinc992t;p99p100;1987;0.1238;992;t
US-RI;sfiinc992t;p99p100;1988;0.1498;992;t
US-RI;sfiinc992t;p99p100;1989;0.1316;992;t
US-RI;sfiinc992t;p99p100;1990;0.1274;992;t
US-RI;sfiinc992t;p99p100;1991;0.1296;992;t
US-RI;sfiinc992t;p99p100;1992;0.1312;992;t
US-RI;sfiinc992t;p99p100;1993;0.1246;992;t
US-RI;sfiinc992t;p99p100;1994;0.1242;992;t
US-RI;sfiinc992t;p99p100;1995;0.1339;992;t
US-RI;sfiinc992t;p99p100;1996;0.1375;992;t
US-RI;sfiinc992t;p99p100;1997;0.1638;992;t
US-RI;sfiinc992t;p99p100;1998;0.1647;992;t
US-RI;sfiinc992t;p99p100;1999;0.1614;992;t
US-RI;sfiinc992t;p99p100;2000;0.1824;992;t
US-RI;sfiinc992t;p99p100;2001;0.1628;992;t
US-RI;sfiinc992t;p99p100;2002;0.1447;992;t
US-RI;sfiinc992t;p99p100;2003;0.1492;992;t
US-RI;sfiinc992t;p99p100;2004;0.165;992;t
US-RI;sfiinc992t;p99p100;2005;0.1692;992;t
US-RI;sfiinc992t;p99p100;2006;0.1822;992;t
US-RI;sfiinc992t;p99p100;2007;0.1942;992;t
US-RI;sfiinc992t;p99p100;2008;0.1658;992;t
US-RI;sfiinc992t;p99p100;2009;0.1462;992;t
US-RI;sfiinc992t;p99p100;2010;0.1587;992;t
US-RI;sfiinc992t;p99p100;2011;0.1705;992;t
US-RI;sfiinc992t;p99p100;2012;0.1786;992;t
US-RI;sfiinc992t;p99p100;2013;0.1586;992;t
US-RI;sfiinc992t;p99p100;2014;0.1827;992;t
US-RI;sfiinc992t;p99p100;2015;0.1654;992;t
US-RI;sfiinc992t;p99p100;2016;0.1688;992;t
US-RI;sfiinc992t;p99p100;2017;0.1749;992;t
US-RI;sfiinc992t;p99p100;2018;0.173;992;t
US-RI;afiinc992t;p90p100;1917;90817.1;992;t
US-RI;afiinc992t;p90p100;1918;82563.8;992;t
US-RI;afiinc992t;p90p100;1919;74222.2;992;t
US-RI;afiinc992t;p90p100;1920;68113.6;992;t
US-RI;afiinc992t;p90p100;1921;70709.3;992;t
US-RI;afiinc992t;p90p100;1922;81030.8;992;t
US-RI;afiinc992t;p90p100;1923;83399.2;992;t
US-RI;afiinc992t;p90p100;1924;87881.6;992;t
US-RI;afiinc992t;p90p100;1925;95748.0;992;t
US-RI;afiinc992t;p90p100;1926;92566.1;992;t
US-RI;afiinc992t;p90p100;1927;95709.8;992;t
US-RI;afiinc992t;p90p100;1928;105725.6;992;t
US-RI;afiinc992t;p90p100;1929;109428.5;992;t
US-RI;afiinc992t;p90p100;1930;90663.2;992;t
US-RI;afiinc992t;p90p100;1931;88185.6;992;t
US-RI;afiinc992t;p90p100;1932;79032.5;992;t
US-RI;afiinc992t;p90p100;1933;71879.0;992;t
US-RI;afiinc992t;p90p100;1934;76962.5;992;t
US-RI;afiinc992t;p90p100;1935;78573.1;992;t
US-RI;afiinc992t;p90p100;1936;89657.5;992;t
US-RI;afiinc992t;p90p100;1937;84844.0;992;t
US-RI;afiinc992t;p90p100;1938;70335.4;992;t
US-RI;afiinc992t;p90p100;1939;79577.3;992;t
US-RI;afiinc992t;p90p100;1940;82853.0;992;t
US-RI;afiinc992t;p90p100;1941;90190.0;992;t
US-RI;afiinc992t;p90p100;1942;90938.7;992;t
US-RI;afiinc992t;p90p100;1943;92128.7;992;t
US-RI;afiinc992t;p90p100;1944;87477.2;992;t
US-RI;afiinc992t;p90p100;1945;93270.8;992;t
US-RI;afiinc992t;p90p100;1946;94967.4;992;t
US-RI;afiinc992t;p90p100;1947;86502.4;992;t
US-RI;afiinc992t;p90p100;1948;89757.5;992;t
US-RI;afiinc992t;p90p100;1949;81286.3;992;t
US-RI;afiinc992t;p90p100;1950;94419.0;992;t
US-RI;afiinc992t;p90p100;1951;95024.8;992;t
US-RI;afiinc992t;p90p100;1952;93636.1;992;t
US-RI;afiinc992t;p90p100;1953;89161.8;992;t
US-RI;afiinc992t;p90p100;1954;89452.1;992;t
US-RI;afiinc992t;p90p100;1955;104703.9;992;t
US-RI;afiinc992t;p90p100;1956;96177.3;992;t
US-RI;afiinc992t;p90p100;1957;90347.1;992;t
US-RI;afiinc992t;p90p100;1958;96511.3;992;t
US-RI;afiinc992t;p90p100;1959;98569.5;992;t
US-RI;afiinc992t;p90p100;1960;99825.8;992;t
US-RI;afiinc992t;p90p100;1961;107584.9;992;t
US-RI;afiinc992t;p90p100;1962;106289.7;992;t
US-RI;afiinc992t;p90p100;1963;110434.9;992;t
US-RI;afiinc992t;p90p100;1964;124276.5;992;t
US-RI;afiinc992t;p90p100;1965;126325.8;992;t
US-RI;afiinc992t;p90p100;1966;125860.5;992;t
US-RI;afiinc992t;p90p100;1967;138266.9;992;t
US-RI;afiinc992t;p90p100;1968;144892.2;992;t
US-RI;afiinc992t;p90p100;1969;137852.4;992;t
US-RI;afiinc992t;p90p100;1970;131446.9;992;t
US-RI;afiinc992t;p90p100;1971;134952.9;992;t
US-RI;afiinc992t;p90p100;1972;138604.1;992;t
US-RI;afiinc992t;p90p100;1973;143767.4;992;t
US-RI;afiinc992t;p90p100;1974;135552.7;992;t
US-RI;afiinc992t;p90p100;1975;128875.3;992;t
US-RI;afiinc992t;p90p100;1976;130804.8;992;t
US-RI;afiinc992t;p90p100;1977;131720.8;992;t
US-RI;afiinc992t;p90p100;1978;134983.2;992;t
US-RI;afiinc992t;p90p100;1979;142354.5;992;t
US-RI;afiinc992t;p90p100;1980;141866.7;992;t
US-RI;afiinc992t;p90p100;1981;138987.7;992;t
US-RI;afiinc992t;p90p100;1982;137576.4;992;t
US-RI;afiinc992t;p90p100;1983;140133.5;992;t
US-RI;afiinc992t;p90p100;1984;150621.2;992;t
US-RI;afiinc992t;p90p100;1985;161894.8;992;t
US-RI;afiinc992t;p90p100;1986;200847.5;992;t
US-RI;afiinc992t;p90p100;1987;182891.8;992;t
US-RI;afiinc992t;p90p100;1988;206445.4;992;t
US-RI;afiinc992t;p90p100;1989;197956.2;992;t
US-RI;afiinc992t;p90p100;1990;188985.9;992;t
US-RI;afiinc992t;p90p100;1991;184115.6;992;t
US-RI;afiinc992t;p90p100;1992;188290.6;992;t
US-RI;afiinc992t;p90p100;1993;186255.3;992;t
US-RI;afiinc992t;p90p100;1994;189604.4;992;t
US-RI;afiinc992t;p90p100;1995;204065.6;992;t
US-RI;afiinc992t;p90p100;1996;212609.3;992;t
US-RI;afiinc992t;p90p100;1997;236252.7;992;t
US-RI;afiinc992t;p90p100;1998;254284.9;992;t
US-RI;afiinc992t;p90p100;1999;266683.6;992;t
US-RI;afiinc992t;p90p100;2000;282103.9;992;t
US-RI;afiinc992t;p90p100;2001;257823.8;992;t
US-RI;afiinc992t;p90p100;2002;242378.0;992;t
US-RI;afiinc992t;p90p100;2003;248786.2;992;t
US-RI;afiinc992t;p90p100;2004;271599.2;992;t
US-RI;afiinc992t;p90p100;2005;279455.4;992;t
US-RI;afiinc992t;p90p100;2006;293905.2;992;t
US-RI;afiinc992t;p90p100;2007;310535.9;992;t
US-RI;afiinc992t;p90p100;2008;273161.9;992;t
US-RI;afiinc992t;p90p100;2009;247632.2;992;t
US-RI;afiinc992t;p90p100;2010;259760.5;992;t
US-RI;afiinc992t;p90p100;2011;264570.1;992;t
US-RI;afiinc992t;p90p100;2012;279296.3;992;t
US-RI;afiinc992t;p90p100;2013;266143.0;992;t
US-RI;afiinc992t;p90p100;2014;289342.9;992;t
US-RI;afiinc992t;p90p100;2015;282897.3;992;t
US-RI;afiinc992t;p90p100;2016;282995.4;992;t
US-RI;afiinc992t;p90p100;2017;290055.0;992;t
US-RI;afiinc992t;p90p100;2018;295344.3;992;t
US-RI;mfiinc992t;p0p100;1917;4567324401.0;992;t
US-RI;mfiinc992t;p0p100;1918;4277582066.0;992;t
US-RI;mfiinc992t;p0p100;1919;4290580131.0;992;t
US-RI;mfiinc992t;p0p100;1920;4259002216.0;992;t
US-RI;mfiinc992t;p0p100;1921;4080305578.0;992;t
US-RI;mfiinc992t;p0p100;1922;4723743417.0;992;t
US-RI;mfiinc992t;p0p100;1923;5248916329.0;992;t
US-RI;mfiinc992t;p0p100;1924;5287644616.0;992;t
US-RI;mfiinc992t;p0p100;1925;5566724500.0;992;t
US-RI;mfiinc992t;p0p100;1926;5612875512.0;992;t
US-RI;mfiinc992t;p0p100;1927;5726031765.0;992;t
US-RI;mfiinc992t;p0p100;1928;6014605967.0;992;t
US-RI;mfiinc992t;p0p100;1929;6191481930.0;992;t
US-RI;mfiinc992t;p0p100;1930;5539814965.0;992;t
US-RI;mfiinc992t;p0p100;1931;5345604854.0;992;t
US-RI;mfiinc992t;p0p100;1932;4840598075.0;992;t
US-RI;mfiinc992t;p0p100;1933;4891563925.0;992;t
US-RI;mfiinc992t;p0p100;1934;4976954286.0;992;t
US-RI;mfiinc992t;p0p100;1935;5327734152.0;992;t
US-RI;mfiinc992t;p0p100;1936;5852846282.0;992;t
US-RI;mfiinc992t;p0p100;1937;5830117983.0;992;t
US-RI;mfiinc992t;p0p100;1938;5387937717.0;992;t
US-RI;mfiinc992t;p0p100;1939;5925272038.0;992;t
US-RI;mfiinc992t;p0p100;1940;6262540186.0;992;t
US-RI;mfiinc992t;p0p100;1941;7676052611.0;992;t
US-RI;mfiinc992t;p0p100;1942;9181538167.0;992;t
US-RI;mfiinc992t;p0p100;1943;10461761146.0;992;t
US-RI;mfiinc992t;p0p100;1944;9897836871.0;992;t
US-RI;mfiinc992t;p0p100;1945;9602900492.0;992;t
US-RI;mfiinc992t;p0p100;1946;8835412981.0;992;t
US-RI;mfiinc992t;p0p100;1947;8437820207.0;992;t
US-RI;mfiinc992t;p0p100;1948;8052760242.0;992;t
US-RI;mfiinc992t;p0p100;1949;7743699779.0;992;t
US-RI;mfiinc992t;p0p100;1950;8705042186.0;992;t
US-RI;mfiinc992t;p0p100;1951;9010491299.0;992;t
US-RI;mfiinc992t;p0p100;1952;9203868108.0;992;t
US-RI;mfiinc992t;p0p100;1953;9717898627.0;992;t
US-RI;mfiinc992t;p0p100;1954;9619475381.0;992;t
US-RI;mfiinc992t;p0p100;1955;10265033637.0;992;t
US-RI;mfiinc992t;p0p100;1956;10298699504.0;992;t
US-RI;mfiinc992t;p0p100;1957;9998668049.0;992;t
US-RI;mfiinc992t;p0p100;1958;10148295153.0;992;t
US-RI;mfiinc992t;p0p100;1959;10822736487.0;992;t
US-RI;mfiinc992t;p0p100;1960;10691288436.0;992;t
US-RI;mfiinc992t;p0p100;1961;11187391173.0;992;t
US-RI;mfiinc992t;p0p100;1962;11777937289.0;992;t
US-RI;mfiinc992t;p0p100;1963;12244562213.0;992;t
US-RI;mfiinc992t;p0p100;1964;13015778637.0;992;t
US-RI;mfiinc992t;p0p100;1965;13827167824.0;992;t
US-RI;mfiinc992t;p0p100;1966;14667991590.0;992;t
US-RI;mfiinc992t;p0p100;1967;15595038913.0;992;t
US-RI;mfiinc992t;p0p100;1968;16395685075.0;992;t
US-RI;mfiinc992t;p0p100;1969;16053423625.0;992;t
US-RI;mfiinc992t;p0p100;1970;16259802199.0;992;t
US-RI;mfiinc992t;p0p100;1971;16269083750.0;992;t
US-RI;mfiinc992t;p0p100;1972;17090025819.0;992;t
US-RI;mfiinc992t;p0p100;1973;17004449271.0;992;t
US-RI;mfiinc992t;p0p100;1974;16078324637.0;992;t
US-RI;mfiinc992t;p0p100;1975;15160722657.0;992;t
US-RI;mfiinc992t;p0p100;1976;16084953465.0;992;t
US-RI;mfiinc992t;p0p100;1977;16554604966.0;992;t
US-RI;mfiinc992t;p0p100;1978;16929507772.0;992;t
US-RI;mfiinc992t;p0p100;1979;17639867161.0;992;t
US-RI;mfiinc992t;p0p100;1980;17991133777.0;992;t
US-RI;mfiinc992t;p0p100;1981;17980784607.0;992;t
US-RI;mfiinc992t;p0p100;1982;18090018163.0;992;t
US-RI;mfiinc992t;p0p100;1983;18877563074.0;992;t
US-RI;mfiinc992t;p0p100;1984;19931144969.0;992;t
US-RI;mfiinc992t;p0p100;1985;21044929127.0;992;t
US-RI;mfiinc992t;p0p100;1986;23296639688.0;992;t
US-RI;mfiinc992t;p0p100;1987;23074941005.0;992;t
US-RI;mfiinc992t;p0p100;1988;25239244559.0;992;t
US-RI;mfiinc992t;p0p100;1989;25823190201.0;992;t
US-RI;mfiinc992t;p0p100;1990;25173820340.0;992;t
US-RI;mfiinc992t;p0p100;1991;23548510115.0;992;t
US-RI;mfiinc992t;p0p100;1992;23885306785.0;992;t
US-RI;mfiinc992t;p0p100;1993;23793239607.0;992;t
US-RI;mfiinc992t;p0p100;1994;23953503221.0;992;t
US-RI;mfiinc992t;p0p100;1995;24996141456.0;992;t
US-RI;mfiinc992t;p0p100;1996;25901287393.0;992;t
US-RI;mfiinc992t;p0p100;1997;27610921037.0;992;t
US-RI;mfiinc992t;p0p100;1998;29724856185.0;992;t
US-RI;mfiinc992t;p0p100;1999;31489736384.0;992;t
US-RI;mfiinc992t;p0p100;2000;33190777221.0;992;t
US-RI;mfiinc992t;p0p100;2001;31898158147.0;992;t
US-RI;mfiinc992t;p0p100;2002;31874351626.0;992;t
US-RI;mfiinc992t;p0p100;2003;32990532746.0;992;t
US-RI;mfiinc992t;p0p100;2004;34899592446.0;992;t
US-RI;mfiinc992t;p0p100;2005;35684163517.0;992;t
US-RI;mfiinc992t;p0p100;2006;36518873048.0;992;t
US-RI;mfiinc992t;p0p100;2007;37473279064.0;992;t
US-RI;mfiinc992t;p0p100;2008;34132280149.0;992;t
US-RI;mfiinc992t;p0p100;2009;31303749307.0;992;t
US-RI;mfiinc992t;p0p100;2010;33259861294.0;992;t
US-RI;mfiinc992t;p0p100;2011;33100712666.0;992;t
US-RI;mfiinc992t;p0p100;2012;35155540301.0;992;t
US-RI;mfiinc992t;p0p100;2013;34168290869.0;992;t
US-RI;mfiinc992t;p0p100;2014;35395941781.0;992;t
US-RI;mfiinc992t;p0p100;2015;36726005962.0;992;t
US-RI;mfiinc992t;p0p100;2016;36063929401.0;992;t
US-RI;mfiinc992t;p0p100;2017;37466811973.0;992;t
US-RI;mfiinc992t;p0p100;2018;38336970830.0;992;t
US-RI;npopul992t;p0p100;1917;229181.0;992;t
US-RI;npopul992t;p0p100;1918;228737.0;992;t
US-RI;npopul992t;p0p100;1919;231304.0;992;t
US-RI;npopul992t;p0p100;1920;235265.0;992;t
US-RI;npopul992t;p0p100;1921;240156.0;992;t
US-RI;npopul992t;p0p100;1922;243782.0;992;t
US-RI;npopul992t;p0p100;1923;248251.0;992;t
US-RI;npopul992t;p0p100;1924;253289.0;992;t
US-RI;npopul992t;p0p100;1925;257329.0;992;t
US-RI;npopul992t;p0p100;1926;261012.0;992;t
US-RI;npopul992t;p0p100;1927;264828.0;992;t
US-RI;npopul992t;p0p100;1928;268256.0;992;t
US-RI;npopul992t;p0p100;1929;271176.0;992;t
US-RI;npopul992t;p0p100;1930;274185.0;992;t
US-RI;npopul992t;p0p100;1931;277418.0;992;t
US-RI;npopul992t;p0p100;1932;280318.0;992;t
US-RI;npopul992t;p0p100;1933;283105.0;992;t
US-RI;npopul992t;p0p100;1934;286048.0;992;t
US-RI;npopul992t;p0p100;1935;289206.0;992;t
US-RI;npopul992t;p0p100;1936;292228.0;992;t
US-RI;npopul992t;p0p100;1937;295210.0;992;t
US-RI;npopul992t;p0p100;1938;298748.0;992;t
US-RI;npopul992t;p0p100;1939;302450.0;992;t
US-RI;npopul992t;p0p100;1940;306627.0;992;t
US-RI;npopul992t;p0p100;1941;307537.0;992;t
US-RI;npopul992t;p0p100;1942;308770.0;992;t
US-RI;npopul992t;p0p100;1943;310874.0;992;t
US-RI;npopul992t;p0p100;1944;312371.0;992;t
US-RI;npopul992t;p0p100;1945;313484.0;992;t
US-RI;npopul992t;p0p100;1946;314342.0;992;t
US-RI;npopul992t;p0p100;1947;317920.0;992;t
US-RI;npopul992t;p0p100;1948;320847.0;992;t
US-RI;npopul992t;p0p100;1949;323748.0;992;t
US-RI;npopul992t;p0p100;1950;327638.0;992;t
US-RI;npopul992t;p0p100;1951;328476.0;992;t
US-RI;npopul992t;p0p100;1952;329299.0;992;t
US-RI;npopul992t;p0p100;1953;329871.0;992;t
US-RI;npopul992t;p0p100;1954;330711.0;992;t
US-RI;npopul992t;p0p100;1955;331509.0;992;t
US-RI;npopul992t;p0p100;1956;332265.0;992;t
US-RI;npopul992t;p0p100;1957;333056.0;992;t
US-RI;npopul992t;p0p100;1958;333317.0;992;t
US-RI;npopul992t;p0p100;1959;333503.0;992;t
US-RI;npopul992t;p0p100;1960;333322.0;992;t
US-RI;npopul992t;p0p100;1961;337997.0;992;t
US-RI;npopul992t;p0p100;1962;342312.0;992;t
US-RI;npopul992t;p0p100;1963;346329.0;992;t
US-RI;npopul992t;p0p100;1964;350203.0;992;t
US-RI;npopul992t;p0p100;1965;353617.0;992;t
US-RI;npopul992t;p0p100;1966;356710.0;992;t
US-RI;npopul992t;p0p100;1967;359577.0;992;t
US-RI;npopul992t;p0p100;1968;362127.0;992;t
US-RI;npopul992t;p0p100;1969;364603.0;992;t
US-RI;npopul992t;p0p100;1970;367772.0;992;t
US-RI;npopul992t;p0p100;1971;375246.0;992;t
US-RI;npopul992t;p0p100;1972;382158.0;992;t
US-RI;npopul992t;p0p100;1973;388772.0;992;t
US-RI;npopul992t;p0p100;1974;395367.0;992;t
US-RI;npopul992t;p0p100;1975;402395.0;992;t
US-RI;npopul992t;p0p100;1976;409432.0;992;t
US-RI;npopul992t;p0p100;1977;416858.0;992;t
US-RI;npopul992t;p0p100;1978;424679.0;992;t
US-RI;npopul992t;p0p100;1979;441345.0;992;t
US-RI;npopul992t;p0p100;1980;440635.0;992;t
US-RI;npopul992t;p0p100;1981;449749.0;992;t
US-RI;npopul992t;p0p100;1982;459672.0;992;t
US-RI;npopul992t;p0p100;1983;459672.0;992;t
US-RI;npopul992t;p0p100;1984;462479.0;992;t
US-RI;npopul992t;p0p100;1985;458182.0;992;t
US-RI;npopul992t;p0p100;1986;463558.0;992;t
US-RI;npopul992t;p0p100;1987;475312.0;992;t
US-RI;npopul992t;p0p100;1988;487277.0;992;t
US-RI;npopul992t;p0p100;1989;495119.0;992;t
US-RI;npopul992t;p0p100;1990;505179.0;992;t
US-RI;npopul992t;p0p100;1991;509066.0;992;t
US-RI;npopul992t;p0p100;1992;499696.0;992;t
US-RI;npopul992t;p0p100;1993;497610.0;992;t
US-RI;npopul992t;p0p100;1994;493463.0;992;t
US-RI;npopul992t;p0p100;1995;487559.0;992;t
US-RI;npopul992t;p0p100;1996;493420.0;992;t
US-RI;npopul992t;p0p100;1997;505417.0;992;t
US-RI;npopul992t;p0p100;1998;499970.0;992;t
US-RI;npopul992t;p0p100;1999;501614.0;992;t
US-RI;npopul992t;p0p100;2000;533742.0;992;t
US-RI;npopul992t;p0p100;2001;538425.0;992;t
US-RI;npopul992t;p0p100;2002;554448.0;992;t
US-RI;npopul992t;p0p100;2003;560584.0;992;t
US-RI;npopul992t;p0p100;2004;555226.0;992;t
US-RI;npopul992t;p0p100;2005;557514.0;992;t
US-RI;npopul992t;p0p100;2006;557383.0;992;t
US-RI;npopul992t;p0p100;2007;553290.0;992;t
US-RI;npopul992t;p0p100;2008;552482.0;992;t
US-RI;npopul992t;p0p100;2009;546930.0;992;t
US-RI;npopul992t;p0p100;2010;563912.0;992;t
US-RI;npopul992t;p0p100;2011;574231.0;992;t
US-RI;npopul992t;p0p100;2012;573216.0;992;t
US-RI;npopul992t;p0p100;2013;561253.0;992;t
US-RI;npopul992t;p0p100;2014;571952.0;992;t
US-RI;npopul992t;p0p100;2015;588526.0;992;t
US-RI;npopul992t;p0p100;2016;591168.0;992;t
US-RI;npopul992t;p0p100;2017;596707.0;992;t
US-RI;npopul992t;p0p100;2018;595753.0;992;t
US-RI;sfiinc992t;p95p99;1917;0.1187;992;t
US-RI;sfiinc992t;p95p99;1918;0.1237;992;t
US-RI;sfiinc992t;p95p99;1919;0.1218;992;t
US-RI;sfiinc992t;p95p99;1920;0.1151;992;t
US-RI;sfiinc992t;p95p99;1921;0.1302;992;t
US-RI;sfiinc992t;p95p99;1922;0.1298;992;t
US-RI;sfiinc992t;p95p99;1923;0.1261;992;t
US-RI;sfiinc992t;p95p99;1924;0.1267;992;t
US-RI;sfiinc992t;p95p99;1925;0.1285;992;t
US-RI;sfiinc992t;p95p99;1926;0.1321;992;t
US-RI;sfiinc992t;p95p99;1927;0.1329;992;t
US-RI;sfiinc992t;p95p99;1928;0.1354;992;t
US-RI;sfiinc992t;p95p99;1929;0.1362;992;t
US-RI;sfiinc992t;p95p99;1930;0.143;992;t
US-RI;sfiinc992t;p95p99;1931;0.1519;992;t
US-RI;sfiinc992t;p95p99;1932;0.1497;992;t
US-RI;sfiinc992t;p95p99;1933;0.1396;992;t
US-RI;sfiinc992t;p95p99;1934;0.1522;992;t
US-RI;sfiinc992t;p95p99;1935;0.135;992;t
US-RI;sfiinc992t;p95p99;1936;0.1336;992;t
US-RI;sfiinc992t;p95p99;1937;0.134;992;t
US-RI;sfiinc992t;p95p99;1938;0.1301;992;t
US-RI;sfiinc992t;p95p99;1939;0.1341;992;t
US-RI;sfiinc992t;p95p99;1940;0.1346;992;t
US-RI;sfiinc992t;p95p99;1941;0.1148;992;t
US-RI;sfiinc992t;p95p99;1942;0.1011;992;t
US-RI;sfiinc992t;p95p99;1943;0.0929;992;t
US-RI;sfiinc992t;p95p99;1944;0.0926;992;t
US-RI;sfiinc992t;p95p99;1945;0.1027;992;t
US-RI;sfiinc992t;p95p99;1946;0.1191;992;t
US-RI;sfiinc992t;p95p99;1947;0.1154;992;t
US-RI;sfiinc992t;p95p99;1948;0.1264;992;t
US-RI;sfiinc992t;p95p99;1949;0.1226;992;t
US-RI;sfiinc992t;p95p99;1950;0.1162;992;t
US-RI;sfiinc992t;p95p99;1951;0.1146;992;t
US-RI;sfiinc992t;p95p99;1952;0.1152;992;t
US-RI;sfiinc992t;p95p99;1953;0.1116;992;t
US-RI;sfiinc992t;p95p99;1954;0.111;992;t
US-RI;sfiinc992t;p95p99;1955;0.1155;992;t
US-RI;sfiinc992t;p95p99;1956;0.1159;992;t
US-RI;sfiinc992t;p95p99;1957;0.1029;992;t
US-RI;sfiinc992t;p95p99;1958;0.1155;992;t
US-RI;sfiinc992t;p95p99;1959;0.1131;992;t
US-RI;sfiinc992t;p95p99;1960;0.12;992;t
US-RI;sfiinc992t;p95p99;1961;0.1242;992;t
US-RI;sfiinc992t;p95p99;1962;0.1157;992;t
US-RI;sfiinc992t;p95p99;1963;0.1173;992;t
US-RI;sfiinc992t;p95p99;1964;0.1343;992;t
US-RI;sfiinc992t;p95p99;1965;0.1186;992;t
US-RI;sfiinc992t;p95p99;1966;0.1149;992;t
US-RI;sfiinc992t;p95p99;1967;0.1184;992;t
US-RI;sfiinc992t;p95p99;1968;0.1194;992;t
US-RI;sfiinc992t;p95p99;1969;0.1195;992;t
US-RI;sfiinc992t;p95p99;1970;0.1145;992;t
US-RI;sfiinc992t;p95p99;1971;0.1197;992;t
US-RI;sfiinc992t;p95p99;1972;0.116;992;t
US-RI;sfiinc992t;p95p99;1973;0.1311;992;t
US-RI;sfiinc992t;p95p99;1974;0.1309;992;t
US-RI;sfiinc992t;p95p99;1975;0.1355;992;t
US-RI;sfiinc992t;p95p99;1976;0.1281;992;t
US-RI;sfiinc992t;p95p99;1977;0.1286;992;t
US-RI;sfiinc992t;p95p99;1978;0.1353;992;t
US-RI;sfiinc992t;p95p99;1979;0.1379;992;t
US-RI;sfiinc992t;p95p99;1980;0.131;992;t
US-RI;sfiinc992t;p95p99;1981;0.1266;992;t
US-RI;sfiinc992t;p95p99;1982;0.128;992;t
US-RI;sfiinc992t;p95p99;1983;0.1256;992;t
US-RI;sfiinc992t;p95p99;1984;0.1263;992;t
US-RI;sfiinc992t;p95p99;1985;0.1265;992;t
US-RI;sfiinc992t;p95p99;1986;0.1324;992;t
US-RI;sfiinc992t;p95p99;1987;0.1369;992;t
US-RI;sfiinc992t;p95p99;1988;0.1358;992;t
US-RI;sfiinc992t;p95p99;1989;0.1344;992;t
US-RI;sfiinc992t;p95p99;1990;0.1364;992;t
US-RI;sfiinc992t;p95p99;1991;0.1441;992;t
US-RI;sfiinc992t;p95p99;1992;0.1436;992;t
US-RI;sfiinc992t;p95p99;1993;0.1458;992;t
US-RI;sfiinc992t;p95p99;1994;0.1454;992;t
US-RI;sfiinc992t;p95p99;1995;0.1442;992;t
US-RI;sfiinc992t;p95p99;1996;0.1474;992;t
US-RI;sfiinc992t;p95p99;1997;0.1495;992;t
US-RI;sfiinc992t;p95p99;1998;0.1473;992;t
US-RI;sfiinc992t;p95p99;1999;0.1481;992;t
US-RI;sfiinc992t;p95p99;2000;0.1526;992;t
US-RI;sfiinc992t;p95p99;2001;0.1497;992;t
US-RI;sfiinc992t;p95p99;2002;0.153;992;t
US-RI;sfiinc992t;p95p99;2003;0.1512;992;t
US-RI;sfiinc992t;p95p99;2004;0.1475;992;t
US-RI;sfiinc992t;p95p99;2005;0.1497;992;t
US-RI;sfiinc992t;p95p99;2006;0.1466;992;t
US-RI;sfiinc992t;p95p99;2007;0.1456;992;t
US-RI;sfiinc992t;p95p99;2008;0.1493;992;t
US-RI;sfiinc992t;p95p99;2009;0.1551;992;t
US-RI;sfiinc992t;p95p99;2010;0.1532;992;t
US-RI;sfiinc992t;p95p99;2011;0.1569;992;t
US-RI;sfiinc992t;p95p99;2012;0.1527;992;t
US-RI;sfiinc992t;p95p99;2013;0.1531;992;t
US-RI;sfiinc992t;p95p99;2014;0.1582;992;t
US-RI;sfiinc992t;p95p99;2015;0.16;992;t
US-RI;sfiinc992t;p95p99;2016;0.1648;992;t
US-RI;sfiinc992t;p95p99;2017;0.1643;992;t
US-RI;sfiinc992t;p95p99;2018;0.1633;992;t
US-RI;afiinc992t;p95p100;1917;141754.3;992;t
US-RI;afiinc992t;p95p100;1918;127149.1;992;t
US-RI;afiinc992t;p95p100;1919;115272.8;992;t
US-RI;afiinc992t;p95p100;1920;104005.0;992;t
US-RI;afiinc992t;p95p100;1921;106918.3;992;t
US-RI;afiinc992t;p95p100;1922;123714.7;992;t
US-RI;afiinc992t;p95p100;1923;123025.1;992;t
US-RI;afiinc992t;p95p100;1924;129460.0;992;t
US-RI;afiinc992t;p95p100;1925;141472.6;992;t
US-RI;afiinc992t;p95p100;1926;139337.0;992;t
US-RI;afiinc992t;p95p100;1927;146710.7;992;t
US-RI;afiinc992t;p95p100;1928;164890.8;992;t
US-RI;afiinc992t;p95p100;1929;169932.1;992;t
US-RI;afiinc992t;p95p100;1930;132091.5;992;t
US-RI;afiinc992t;p95p100;1931;122581.1;992;t
US-RI;afiinc992t;p95p100;1932;109533.9;992;t
US-RI;afiinc992t;p95p100;1933;103391.7;992;t
US-RI;afiinc992t;p95p100;1934;112381.5;992;t
US-RI;afiinc992t;p95p100;1935;112960.1;992;t
US-RI;afiinc992t;p95p100;1936;133374.5;992;t
US-RI;afiinc992t;p95p100;1937;124783.7;992;t
US-RI;afiinc992t;p95p100;1938;99186.5;992;t
US-RI;afiinc992t;p95p100;1939;115964.0;992;t
US-RI;afiinc992t;p95p100;1940;122744.7;992;t
US-RI;afiinc992t;p95p100;1941;131878.1;992;t
US-RI;afiinc992t;p95p100;1942;132912.6;992;t
US-RI;afiinc992t;p95p100;1943;136913.7;992;t
US-RI;afiinc992t;p95p100;1944;126824.7;992;t
US-RI;afiinc992t;p95p100;1945;138689.3;992;t
US-RI;afiinc992t;p95p100;1946;143621.4;992;t
US-RI;afiinc992t;p95p100;1947;127512.3;992;t
US-RI;afiinc992t;p95p100;1948;131090.5;992;t
US-RI;afiinc992t;p95p100;1949;119030.9;992;t
US-RI;afiinc992t;p95p100;1950;135177.6;992;t
US-RI;afiinc992t;p95p100;1951;136792.2;992;t
US-RI;afiinc992t;p95p100;1952;126241.6;992;t
US-RI;afiinc992t;p95p100;1953;125382.0;992;t
US-RI;afiinc992t;p95p100;1954;127624.5;992;t
US-RI;afiinc992t;p95p100;1955;156254.6;992;t
US-RI;afiinc992t;p95p100;1956;136306.7;992;t
US-RI;afiinc992t;p95p100;1957;124543.3;992;t
US-RI;afiinc992t;p95p100;1958;135118.9;992;t
US-RI;afiinc992t;p95p100;1959;135846.4;992;t
US-RI;afiinc992t;p95p100;1960;137682.5;992;t
US-RI;afiinc992t;p95p100;1961;149743.0;992;t
US-RI;afiinc992t;p95p100;1962;145843.8;992;t
US-RI;afiinc992t;p95p100;1963;151115.8;992;t
US-RI;afiinc992t;p95p100;1964;173637.3;992;t
US-RI;afiinc992t;p95p100;1965;174195.6;992;t
US-RI;afiinc992t;p95p100;1966;176261.8;992;t
US-RI;afiinc992t;p95p100;1967;194822.9;992;t
US-RI;afiinc992t;p95p100;1968;203986.6;992;t
US-RI;afiinc992t;p95p100;1969;188647.1;992;t
US-RI;afiinc992t;p95p100;1970;176250.0;992;t
US-RI;afiinc992t;p95p100;1971;179784.0;992;t
US-RI;afiinc992t;p95p100;1972;188078.1;992;t
US-RI;afiinc992t;p95p100;1973;192659.7;992;t
US-RI;afiinc992t;p95p100;1974;177286.8;992;t
US-RI;afiinc992t;p95p100;1975;170424.5;992;t
US-RI;afiinc992t;p95p100;1976;172690.7;992;t
US-RI;afiinc992t;p95p100;1977;174155.7;992;t
US-RI;afiinc992t;p95p100;1978;181204.2;992;t
US-RI;afiinc992t;p95p100;1979;191101.5;992;t
US-RI;afiinc992t;p95p100;1980;189226.4;992;t
US-RI;afiinc992t;p95p100;1981;177008.3;992;t
US-RI;afiinc992t;p95p100;1982;186940.7;992;t
US-RI;afiinc992t;p95p100;1983;189585.5;992;t
US-RI;afiinc992t;p95p100;1984;207781.6;992;t
US-RI;afiinc992t;p95p100;1985;224182.4;992;t
US-RI;afiinc992t;p95p100;1986;293954.3;992;t
US-RI;afiinc992t;p95p100;1987;253267.1;992;t
US-RI;afiinc992t;p95p100;1988;296361.1;992;t
US-RI;afiinc992t;p95p100;1989;278477.7;992;t
US-RI;afiinc992t;p95p100;1990;262975.7;992;t
US-RI;afiinc992t;p95p100;1991;253232.6;992;t
US-RI;afiinc992t;p95p100;1992;262674.2;992;t
US-RI;afiinc992t;p95p100;1993;258521.5;992;t
US-RI;afiinc992t;p95p100;1994;261741.9;992;t
US-RI;afiinc992t;p95p100;1995;285168.3;992;t
US-RI;afiinc992t;p95p100;1996;299167.5;992;t
US-RI;afiinc992t;p95p100;1997;342399.3;992;t
US-RI;afiinc992t;p95p100;1998;371255.1;992;t
US-RI;afiinc992t;p95p100;1999;388796.1;992;t
US-RI;afiinc992t;p95p100;2000;417399.5;992;t
US-RI;afiinc992t;p95p100;2001;370414.6;992;t
US-RI;afiinc992t;p95p100;2002;342534.5;992;t
US-RI;afiinc992t;p95p100;2003;353943.8;992;t
US-RI;afiinc992t;p95p100;2004;393154.2;992;t
US-RI;afiinc992t;p95p100;2005;409296.2;992;t
US-RI;afiinc992t;p95p100;2006;432277.4;992;t
US-RI;afiinc992t;p95p100;2007;462046.5;992;t
US-RI;afiinc992t;p95p100;2008;390896.7;992;t
US-RI;afiinc992t;p95p100;2009;345296.9;992;t
US-RI;afiinc992t;p95p100;2010;367944.8;992;t
US-RI;afiinc992t;p95p100;2011;377386.7;992;t
US-RI;afiinc992t;p95p100;2012;406293.7;992;t
US-RI;afiinc992t;p95p100;2013;379578.2;992;t
US-RI;afiinc992t;p95p100;2014;422015.2;992;t
US-RI;afiinc992t;p95p100;2015;406244.3;992;t
US-RI;afiinc992t;p95p100;2016;406935.2;992;t
US-RI;afiinc992t;p95p100;2017;425868.5;992;t
US-RI;afiinc992t;p95p100;2018;432995.1;992;t
US-RI;afiinc992t;p0p99;1917;15379.8;992;t
US-RI;afiinc992t;p0p99;1918;14804.4;992;t
US-RI;afiinc992t;p0p99;1919;15197.1;992;t
US-RI;afiinc992t;p0p99;1920;15137.0;992;t
US-RI;afiinc992t;p0p99;1921;13996.0;992;t
US-RI;afiinc992t;p0p99;1922;15865.0;992;t
US-RI;afiinc992t;p0p99;1923;17837.1;992;t
US-RI;afiinc992t;p0p99;1924;17219.2;992;t
US-RI;afiinc992t;p0p99;1925;17521.3;992;t
US-RI;afiinc992t;p0p99;1926;17556.4;992;t
US-RI;afiinc992t;p0p99;1927;17337.2;992;t
US-RI;afiinc992t;p0p99;1928;17389.0;992;t
US-RI;afiinc992t;p0p99;1929;17627.4;992;t
US-RI;afiinc992t;p0p99;1930;16667.9;992;t
US-RI;afiinc992t;p0p99;1931;16248.0;992;t
US-RI;afiinc992t;p0p99;1932;14546.5;992;t
US-RI;afiinc992t;p0p99;1933;14683.4;992;t
US-RI;afiinc992t;p0p99;1934;14599.9;992;t
US-RI;afiinc992t;p0p99;1935;15422.3;992;t
US-RI;afiinc992t;p0p99;1936;16197.3;992;t
US-RI;afiinc992t;p0p99;1937;16319.8;992;t
US-RI;afiinc992t;p0p99;1938;15576.1;992;t
US-RI;afiinc992t;p0p99;1939;16582.8;992;t
US-RI;afiinc992t;p0p99;1940;17204.1;992;t
US-RI;afiinc992t;p0p99;1941;21442.1;992;t
US-RI;afiinc992t;p0p99;1942;26358.6;992;t
US-RI;afiinc992t;p0p99;1943;30232.9;992;t
US-RI;afiinc992t;p0p99;1944;28581.4;992;t
US-RI;afiinc992t;p0p99;1945;27115.8;992;t
US-RI;afiinc992t;p0p99;1946;24518.7;992;t
US-RI;afiinc992t;p0p99;1947;23462.2;992;t
US-RI;afiinc992t;p0p99;1948;21935.9;992;t
US-RI;afiinc992t;p0p99;1949;21113.0;992;t
US-RI;afiinc992t;p0p99;1950;23135.8;992;t
US-RI;afiinc992t;p0p99;1951;18067.5;992;t
US-RI;afiinc992t;p0p99;1952;25110.9;992;t
US-RI;afiinc992t;p0p99;1953;26747.0;992;t
US-RI;afiinc992t;p0p99;1954;26199.2;992;t
US-RI;afiinc992t;p0p99;1955;27001.6;992;t
US-RI;afiinc992t;p0p99;1956;28052.3;992;t
US-RI;afiinc992t;p0p99;1957;27153.5;992;t
US-RI;afiinc992t;p0p99;1958;27482.1;992;t
US-RI;afiinc992t;p0p99;1959;29625.0;992;t
US-RI;afiinc992t;p0p99;1960;29331.8;992;t
US-RI;afiinc992t;p0p99;1961;30024.6;992;t
US-RI;afiinc992t;p0p99;1962;31411.0;992;t
US-RI;afiinc992t;p0p99;1963;32270.5;992;t
US-RI;afiinc992t;p0p99;1964;33813.7;992;t
US-RI;afiinc992t;p0p99;1965;35384.6;992;t
US-RI;afiinc992t;p0p99;1966;37405.8;992;t
US-RI;afiinc992t;p0p99;1967;39156.4;992;t
US-RI;afiinc992t;p0p99;1968;40892.4;992;t
US-RI;afiinc992t;p0p99;1969;40262.5;992;t
US-RI;afiinc992t;p0p99;1970;40871.4;992;t
US-RI;afiinc992t;p0p99;1971;39956.2;992;t
US-RI;afiinc992t;p0p99;1972;40912.8;992;t
US-RI;afiinc992t;p0p99;1973;40243.5;992;t
US-RI;afiinc992t;p0p99;1974;37513.9;992;t
US-RI;afiinc992t;p0p99;1975;34605.6;992;t
US-RI;afiinc992t;p0p99;1976;36044.1;992;t
US-RI;afiinc992t;p0p99;1977;36476.5;992;t
US-RI;afiinc992t;p0p99;1978;36561.1;992;t
US-RI;afiinc992t;p0p99;1979;36287.6;992;t
US-RI;afiinc992t;p0p99;1980;37087.1;992;t
US-RI;afiinc992t;p0p99;1981;36556.3;992;t
US-RI;afiinc992t;p0p99;1982;35380.3;992;t
US-RI;afiinc992t;p0p99;1983;37115.4;992;t
US-RI;afiinc992t;p0p99;1984;38532.5;992;t
US-RI;afiinc992t;p0p99;1985;40955.6;992;t
US-RI;afiinc992t;p0p99;1986;42599.9;992;t
US-RI;afiinc992t;p0p99;1987;42965.2;992;t
US-RI;afiinc992t;p0p99;1988;44481.8;992;t
US-RI;afiinc992t;p0p99;1989;45748.7;992;t
US-RI;afiinc992t;p0p99;1990;43920.1;992;t
US-RI;afiinc992t;p0p99;1991;40668.3;992;t
US-RI;afiinc992t;p0p99;1992;41947.9;992;t
US-RI;afiinc992t;p0p99;1993;42280.6;992;t
US-RI;afiinc992t;p0p99;1994;42939.8;992;t
US-RI;afiinc992t;p0p99;1995;44849.3;992;t
US-RI;afiinc992t;p0p99;1996;45734.3;992;t
US-RI;afiinc992t;p0p99;1997;46141.3;992;t
US-RI;afiinc992t;p0p99;1998;50161.9;992;t
US-RI;afiinc992t;p0p99;1999;53174.6;992;t
US-RI;afiinc992t;p0p99;2000;51354.8;992;t
US-RI;afiinc992t;p0p99;2001;50102.2;992;t
US-RI;afiinc992t;p0p99;2002;49668.6;992;t
US-RI;afiinc992t;p0p99;2003;50578.5;992;t
US-RI;afiinc992t;p0p99;2004;53016.3;992;t
US-RI;afiinc992t;p0p99;2005;53714.6;992;t
US-RI;afiinc992t;p0p99;2006;54121.1;992;t
US-RI;afiinc992t;p0p99;2007;55128.7;992;t
US-RI;afiinc992t;p0p99;2008;52058.8;992;t
US-RI;afiinc992t;p0p99;2009;49359.9;992;t
US-RI;afiinc992t;p0p99;2010;50119.4;992;t
US-RI;afiinc992t;p0p99;2011;48298.0;992;t
US-RI;afiinc992t;p0p99;2012;50883.0;992;t
US-RI;afiinc992t;p0p99;2013;51739.1;992;t
US-RI;afiinc992t;p0p99;2014;51092.7;992;t
US-RI;afiinc992t;p0p99;2015;52605.7;992;t
US-RI;afiinc992t;p0p99;2016;51218.8;992;t
US-RI;afiinc992t;p0p99;2017;52328.7;992;t
US-RI;afiinc992t;p0p99;2018;53752.6;992;t
US-RI;sfiinc992t;p0p100;1917;1.0;992;t
US-RI;sfiinc992t;p0p100;1918;1.0;992;t
US-RI;sfiinc992t;p0p100;1919;1.0;992;t
US-RI;sfiinc992t;p0p100;1920;1.0;992;t
US-RI;sfiinc992t;p0p100;1921;1.0;992;t
US-RI;sfiinc992t;p0p100;1922;1.0;992;t
US-RI;sfiinc992t;p0p100;1923;1.0;992;t
US-RI;sfiinc992t;p0p100;1924;1.0;992;t
US-RI;sfiinc992t;p0p100;1925;1.0;992;t
US-RI;sfiinc992t;p0p100;1926;1.0;992;t
US-RI;sfiinc992t;p0p100;1927;1.0;992;t
US-RI;sfiinc992t;p0p100;1928;1.0;992;t
US-RI;sfiinc992t;p0p100;1929;1.0;992;t
US-RI;sfiinc992t;p0p100;1930;1.0;992;t
US-RI;sfiinc992t;p0p100;1931;1.0;992;t
US-RI;sfiinc992t;p0p100;1932;1.0;992;t
US-RI;sfiinc992t;p0p100;1933;1.0;992;t
US-RI;sfiinc992t;p0p100;1934;1.0;992;t
US-RI;sfiinc992t;p0p100;1935;1.0;992;t
US-RI;sfiinc992t;p0p100;1936;1.0;992;t
US-RI;sfiinc992t;p0p100;1937;1.0;992;t
US-RI;sfiinc992t;p0p100;1938;1.0;992;t
US-RI;sfiinc992t;p0p100;1939;1.0;992;t
US-RI;sfiinc992t;p0p100;1940;1.0;992;t
US-RI;sfiinc992t;p0p100;1941;1.0;992;t
US-RI;sfiinc992t;p0p100;1942;1.0;992;t
US-RI;sfiinc992t;p0p100;1943;1.0;992;t
US-RI;sfiinc992t;p0p100;1944;1.0;992;t
US-RI;sfiinc992t;p0p100;1945;1.0;992;t
US-RI;sfiinc992t;p0p100;1946;1.0;992;t
US-RI;sfiinc992t;p0p100;1947;1.0;992;t
US-RI;sfiinc992t;p0p100;1948;1.0;992;t
US-RI;sfiinc992t;p0p100;1949;1.0;992;t
US-RI;sfiinc992t;p0p100;1950;1.0;992;t
US-RI;sfiinc992t;p0p100;1951;1.0;992;t
US-RI;sfiinc992t;p0p100;1952;1.0;992;t
US-RI;sfiinc992t;p0p100;1953;1.0;992;t
US-RI;sfiinc992t;p0p100;1954;1.0;992;t
US-RI;sfiinc992t;p0p100;1955;1.0;992;t
US-RI;sfiinc992t;p0p100;1956;1.0;992;t
US-RI;sfiinc992t;p0p100;1957;1.0;992;t
US-RI;sfiinc992t;p0p100;1958;1.0;992;t
US-RI;sfiinc992t;p0p100;1959;1.0;992;t
US-RI;sfiinc992t;p0p100;1960;1.0;992;t
US-RI;sfiinc992t;p0p100;1961;1.0;992;t
US-RI;sfiinc992t;p0p100;1962;1.0;992;t
US-RI;sfiinc992t;p0p100;1963;1.0;992;t
US-RI;sfiinc992t;p0p100;1964;1.0;992;t
US-RI;sfiinc992t;p0p100;1965;1.0;992;t
US-RI;sfiinc992t;p0p100;1966;1.0;992;t
US-RI;sfiinc992t;p0p100;1967;1.0;992;t
US-RI;sfiinc992t;p0p100;1968;1.0;992;t
US-RI;sfiinc992t;p0p100;1969;1.0;992;t
US-RI;sfiinc992t;p0p100;1970;1.0;992;t
US-RI;sfiinc992t;p0p100;1971;1.0;992;t
US-RI;sfiinc992t;p0p100;1972;1.0;992;t
US-RI;sfiinc992t;p0p100;1973;1.0;992;t
US-RI;sfiinc992t;p0p100;1974;1.0;992;t
US-RI;sfiinc992t;p0p100;1975;1.0;992;t
US-RI;sfiinc992t;p0p100;1976;1.0;992;t
US-RI;sfiinc992t;p0p100;1977;1.0;992;t
US-RI;sfiinc992t;p0p100;1978;1.0;992;t
US-RI;sfiinc992t;p0p100;1979;1.0;992;t
US-RI;sfiinc992t;p0p100;1980;1.0;992;t
US-RI;sfiinc992t;p0p100;1981;1.0;992;t
US-RI;sfiinc992t;p0p100;1982;1.0;992;t
US-RI;sfiinc992t;p0p100;1983;1.0;992;t
US-RI;sfiinc992t;p0p100;1984;1.0;992;t
US-RI;sfiinc992t;p0p100;1985;1.0;992;t
US-RI;sfiinc992t;p0p100;1986;1.0;992;t
US-RI;sfiinc992t;p0p100;1987;1.0;992;t
US-RI;sfiinc992t;p0p100;1988;1.0;992;t
US-RI;sfiinc992t;p0p100;1989;1.0;992;t
US-RI;sfiinc992t;p0p100;1990;1.0;992;t
US-RI;sfiinc992t;p0p100;1991;1.0;992;t
US-RI;sfiinc992t;p0p100;1992;1.0;992;t
US-RI;sfiinc992t;p0p100;1993;1.0;992;t
US-RI;sfiinc992t;p0p100;1994;1.0;992;t
US-RI;sfiinc992t;p0p100;1995;1.0;992;t
US-RI;sfiinc992t;p0p100;1996;1.0;992;t
US-RI;sfiinc992t;p0p100;1997;1.0;992;t
US-RI;sfiinc992t;p0p100;1998;1.0;992;t
US-RI;sfiinc992t;p0p100;1999;1.0;992;t
US-RI;sfiinc992t;p0p100;2000;1.0;992;t
US-RI;sfiinc992t;p0p100;2001;1.0;992;t
US-RI;sfiinc992t;p0p100;2002;1.0;992;t
US-RI;sfiinc992t;p0p100;2003;1.0;992;t
US-RI;sfiinc992t;p0p100;2004;1.0;992;t
US-RI;sfiinc992t;p0p100;2005;1.0;992;t
US-RI;sfiinc992t;p0p100;2006;1.0;992;t
US-RI;sfiinc992t;p0p100;2007;1.0;992;t
US-RI;sfiinc992t;p0p100;2008;1.0;992;t
US-RI;sfiinc992t;p0p100;2009;1.0;992;t
US-RI;sfiinc992t;p0p100;2010;1.0;992;t
US-RI;sfiinc992t;p0p100;2011;1.0;992;t
US-RI;sfiinc992t;p0p100;2012;1.0;992;t
US-RI;sfiinc992t;p0p100;2013;1.0;992;t
US-RI;sfiinc992t;p0p100;2014;1.0;992;t
US-RI;sfiinc992t;p0p100;2015;1.0;992;t
US-RI;sfiinc992t;p0p100;2016;1.0;992;t
US-RI;sfiinc992t;p0p100;2017;1.0;992;t
US-RI;sfiinc992t;p0p100;2018;1.0;992;t
US-RI;sfiinc992t;p99.5p99.9;1917;0.0745;992;t
US-RI;sfiinc992t;p99.5p99.9;1918;0.0756;992;t
US-RI;sfiinc992t;p99.5p99.9;1919;0.0695;992;t
US-RI;sfiinc992t;p99.5p99.9;1920;0.0661;992;t
US-RI;sfiinc992t;p99.5p99.9;1921;0.0708;992;t
US-RI;sfiinc992t;p99.5p99.9;1922;0.0726;992;t
US-RI;sfiinc992t;p99.5p99.9;1923;0.0649;992;t
US-RI;sfiinc992t;p99.5p99.9;1924;0.0715;992;t
US-RI;sfiinc992t;p99.5p99.9;1925;0.0739;992;t
US-RI;sfiinc992t;p99.5p99.9;1926;0.0736;992;t
US-RI;sfiinc992t;p99.5p99.9;1927;0.0791;992;t
US-RI;sfiinc992t;p99.5p99.9;1928;0.0854;992;t
US-RI;sfiinc992t;p99.5p99.9;1929;0.0844;992;t
US-RI;sfiinc992t;p99.5p99.9;1930;0.0679;992;t
US-RI;sfiinc992t;p99.5p99.9;1931;0.0602;992;t
US-RI;sfiinc992t;p99.5p99.9;1932;0.0609;992;t
US-RI;sfiinc992t;p99.5p99.9;1933;0.06;992;t
US-RI;sfiinc992t;p99.5p99.9;1934;0.0639;992;t
US-RI;sfiinc992t;p99.5p99.9;1935;0.0655;992;t
US-RI;sfiinc992t;p99.5p99.9;1936;0.0767;992;t
US-RI;sfiinc992t;p99.5p99.9;1937;0.0704;992;t
US-RI;sfiinc992t;p99.5p99.9;1938;0.0564;992;t
US-RI;sfiinc992t;p99.5p99.9;1939;0.0633;992;t
US-RI;sfiinc992t;p99.5p99.9;1940;0.0638;992;t
US-RI;sfiinc992t;p99.5p99.9;1941;0.0577;992;t
US-RI;sfiinc992t;p99.5p99.9;1942;0.0498;992;t
US-RI;sfiinc992t;p99.5p99.9;1943;0.0448;992;t
US-RI;sfiinc992t;p99.5p99.9;1944;0.043;992;t
US-RI;sfiinc992t;p99.5p99.9;1945;0.0502;992;t
US-RI;sfiinc992t;p99.5p99.9;1946;0.0538;992;t
US-RI;sfiinc992t;p99.5p99.9;1947;0.0473;992;t
US-RI;sfiinc992t;p99.5p99.9;1948;0.0515;992;t
US-RI;sfiinc992t;p99.5p99.9;1949;0.0498;992;t
US-RI;sfiinc992t;p99.5p99.9;1950;0.0529;992;t
US-RI;sfiinc992t;p99.5p99.9;1951;0.0518;992;t
US-RI;sfiinc992t;p99.5p99.9;1952;0.0428;992;t
US-RI;sfiinc992t;p99.5p99.9;1953;0.0394;992;t
US-RI;sfiinc992t;p99.5p99.9;1954;0.0418;992;t
US-RI;sfiinc992t;p99.5p99.9;1955;0.0607;992;t
US-RI;sfiinc992t;p99.5p99.9;1956;0.0399;992;t
US-RI;sfiinc992t;p99.5p99.9;1957;0.0398;992;t
US-RI;sfiinc992t;p99.5p99.9;1958;0.0405;992;t
US-RI;sfiinc992t;p99.5p99.9;1959;0.036;992;t
US-RI;sfiinc992t;p99.5p99.9;1960;0.0358;992;t
US-RI;sfiinc992t;p99.5p99.9;1961;0.0322;992;t
US-RI;sfiinc992t;p99.5p99.9;1962;0.0385;992;t
US-RI;sfiinc992t;p99.5p99.9;1963;0.0403;992;t
US-RI;sfiinc992t;p99.5p99.9;1964;0.0349;992;t
US-RI;sfiinc992t;p99.5p99.9;1965;0.0393;992;t
US-RI;sfiinc992t;p99.5p99.9;1966;0.0369;992;t
US-RI;sfiinc992t;p99.5p99.9;1967;0.0394;992;t
US-RI;sfiinc992t;p99.5p99.9;1968;0.0397;992;t
US-RI;sfiinc992t;p99.5p99.9;1969;0.0357;992;t
US-RI;sfiinc992t;p99.5p99.9;1970;0.0346;992;t
US-RI;sfiinc992t;p99.5p99.9;1971;0.0342;992;t
US-RI;sfiinc992t;p99.5p99.9;1972;0.0345;992;t
US-RI;sfiinc992t;p99.5p99.9;1973;0.0356;992;t
US-RI;sfiinc992t;p99.5p99.9;1974;0.0343;992;t
US-RI;sfiinc992t;p99.5p99.9;1975;0.0363;992;t
US-RI;sfiinc992t;p99.5p99.9;1976;0.0362;992;t
US-RI;sfiinc992t;p99.5p99.9;1977;0.0356;992;t
US-RI;sfiinc992t;p99.5p99.9;1978;0.0356;992;t
US-RI;sfiinc992t;p99.5p99.9;1979;0.0386;992;t
US-RI;sfiinc992t;p99.5p99.9;1980;0.0371;992;t
US-RI;sfiinc992t;p99.5p99.9;1981;0.0355;992;t
US-RI;sfiinc992t;p99.5p99.9;1982;0.0386;992;t
US-RI;sfiinc992t;p99.5p99.9;1983;0.0369;992;t
US-RI;sfiinc992t;p99.5p99.9;1984;0.0388;992;t
US-RI;sfiinc992t;p99.5p99.9;1985;0.0399;992;t
US-RI;sfiinc992t;p99.5p99.9;1986;0.0524;992;t
US-RI;sfiinc992t;p99.5p99.9;1987;0.0446;992;t
US-RI;sfiinc992t;p99.5p99.9;1988;0.0514;992;t
US-RI;sfiinc992t;p99.5p99.9;1989;0.0466;992;t
US-RI;sfiinc992t;p99.5p99.9;1990;0.0472;992;t
US-RI;sfiinc992t;p99.5p99.9;1991;0.0472;992;t
US-RI;sfiinc992t;p99.5p99.9;1992;0.0479;992;t
US-RI;sfiinc992t;p99.5p99.9;1993;0.0459;992;t
US-RI;sfiinc992t;p99.5p99.9;1994;0.0458;992;t
US-RI;sfiinc992t;p99.5p99.9;1995;0.0486;992;t
US-RI;sfiinc992t;p99.5p99.9;1996;0.0495;992;t
US-RI;sfiinc992t;p99.5p99.9;1997;0.0543;992;t
US-RI;sfiinc992t;p99.5p99.9;1998;0.0547;992;t
US-RI;sfiinc992t;p99.5p99.9;1999;0.0548;992;t
US-RI;sfiinc992t;p99.5p99.9;2000;0.0569;992;t
US-RI;sfiinc992t;p99.5p99.9;2001;0.0524;992;t
US-RI;sfiinc992t;p99.5p99.9;2002;0.0511;992;t
US-RI;sfiinc992t;p99.5p99.9;2003;0.0517;992;t
US-RI;sfiinc992t;p99.5p99.9;2004;0.0552;992;t
US-RI;sfiinc992t;p99.5p99.9;2005;0.0571;992;t
US-RI;sfiinc992t;p99.5p99.9;2006;0.0601;992;t
US-RI;sfiinc992t;p99.5p99.9;2007;0.0615;992;t
US-RI;sfiinc992t;p99.5p99.9;2008;0.0545;992;t
US-RI;sfiinc992t;p99.5p99.9;2009;0.0498;992;t
US-RI;sfiinc992t;p99.5p99.9;2010;0.0522;992;t
US-RI;sfiinc992t;p99.5p99.9;2011;0.0539;992;t
US-RI;sfiinc992t;p99.5p99.9;2012;0.0566;992;t
US-RI;sfiinc992t;p99.5p99.9;2013;0.0533;992;t
US-RI;sfiinc992t;p99.5p99.9;2014;0.0573;992;t
US-RI;sfiinc992t;p99.5p99.9;2015;0.0567;992;t
US-RI;sfiinc992t;p99.5p99.9;2016;0.0577;992;t
US-RI;sfiinc992t;p99.5p99.9;2017;0.0585;992;t
US-RI;sfiinc992t;p99.5p99.9;2018;0.0576;992;t
US-RI;sptinc992t;p90p95;1917;0.0958;992;t
US-RI;sptinc992t;p90p95;1918;0.0991;992;t
US-RI;sptinc992t;p90p95;1919;0.0884;992;t
US-RI;sptinc992t;p90p95;1920;0.0882;992;t
US-RI;sptinc992t;p90p95;1921;0.1004;992;t
US-RI;sptinc992t;p90p95;1922;0.0981;992;t
US-RI;sptinc992t;p90p95;1923;0.1032;992;t
US-RI;sptinc992t;p90p95;1924;0.1104;992;t
US-RI;sptinc992t;p90p95;1925;0.1201;992;t
US-RI;sptinc992t;p90p95;1926;0.1078;992;t
US-RI;sptinc992t;p90p95;1927;0.1029;992;t
US-RI;sptinc992t;p90p95;1928;0.1047;992;t
US-RI;sptinc992t;p90p95;1929;0.1089;992;t
US-RI;sptinc992t;p90p95;1930;0.123;992;t
US-RI;sptinc992t;p90p95;1931;0.1435;992;t
US-RI;sptinc992t;p90p95;1932;0.1446;992;t
US-RI;sptinc992t;p90p95;1933;0.1191;992;t
US-RI;sptinc992t;p90p95;1934;0.1209;992;t
US-RI;sptinc992t;p90p95;1935;0.1217;992;t
US-RI;sptinc992t;p90p95;1936;0.1146;992;t
US-RI;sptinc992t;p90p95;1937;0.113;992;t
US-RI;sptinc992t;p90p95;1938;0.1158;992;t
US-RI;sptinc992t;p90p95;1939;0.1093;992;t
US-RI;sptinc992t;p90p95;1940;0.1053;992;t
US-RI;sptinc992t;p90p95;1941;0.097;992;t
US-RI;sptinc992t;p90p95;1942;0.0823;992;t
US-RI;sptinc992t;p90p95;1943;0.0704;992;t
US-RI;sptinc992t;p90p95;1944;0.0738;992;t
US-RI;sptinc992t;p90p95;1945;0.0781;992;t
US-RI;sptinc992t;p90p95;1946;0.0824;992;t
US-RI;sptinc992t;p90p95;1947;0.0857;992;t
US-RI;sptinc992t;p90p95;1948;0.0965;992;t
US-RI;sptinc992t;p90p95;1949;0.0913;992;t
US-RI;sptinc992t;p90p95;1950;0.101;992;t
US-RI;sptinc992t;p90p95;1951;0.0971;992;t
US-RI;sptinc992t;p90p95;1952;0.1101;992;t
US-RI;sptinc992t;p90p95;1953;0.089;992;t
US-RI;sptinc992t;p90p95;1954;0.0874;992;t
US-RI;sptinc992t;p90p95;1955;0.0843;992;t
US-RI;sptinc992t;p90p95;1956;0.0901;992;t
US-RI;sptinc992t;p90p95;1957;0.0935;992;t
US-RI;sptinc992t;p90p95;1958;0.0951;992;t
US-RI;sptinc992t;p90p95;1959;0.0944;992;t
US-RI;sptinc992t;p90p95;1960;0.0966;992;t
US-RI;sptinc992t;p90p95;1961;0.0988;992;t
US-RI;sptinc992t;p90p95;1962;0.097;992;t
US-RI;sptinc992t;p90p95;1963;0.0986;992;t
US-RI;sptinc992t;p90p95;1964;0.1008;992;t
US-RI;sptinc992t;p90p95;1965;0.1003;992;t
US-RI;sptinc992t;p90p95;1966;0.0915;992;t
US-RI;sptinc992t;p90p95;1967;0.0941;992;t
US-RI;sptinc992t;p90p95;1968;0.0948;992;t
US-RI;sptinc992t;p90p95;1969;0.0989;992;t
US-RI;sptinc992t;p90p95;1970;0.098;992;t
US-RI;sptinc992t;p90p95;1971;0.1039;992;t
US-RI;sptinc992t;p90p95;1972;0.0996;992;t
US-RI;sptinc992t;p90p95;1973;0.1085;992;t
US-RI;sptinc992t;p90p95;1974;0.1154;992;t
US-RI;sptinc992t;p90p95;1975;0.1159;992;t
US-RI;sptinc992t;p90p95;1976;0.1132;992;t
US-RI;sptinc992t;p90p95;1977;0.1124;992;t
US-RI;sptinc992t;p90p95;1978;0.1115;992;t
US-RI;sptinc992t;p90p95;1979;0.1171;992;t
US-RI;sptinc992t;p90p95;1980;0.1157;992;t
US-RI;sptinc992t;p90p95;1981;0.1268;992;t
US-RI;sptinc992t;p90p95;1982;0.1118;992;t
US-RI;sptinc992t;p90p95;1983;0.1104;992;t
US-RI;sptinc992t;p90p95;1984;0.1084;992;t
US-RI;sptinc992t;p90p95;1985;0.1084;992;t
US-RI;sptinc992t;p90p95;1986;0.1074;992;t
US-RI;sptinc992t;p90p95;1987;0.1159;992;t
US-RI;sptinc992t;p90p95;1988;0.1124;992;t
US-RI;sptinc992t;p90p95;1989;0.1124;992;t
US-RI;sptinc992t;p90p95;1990;0.1154;992;t
US-RI;sptinc992t;p90p95;1991;0.1244;992;t
US-RI;sptinc992t;p90p95;1992;0.1192;992;t
US-RI;sptinc992t;p90p95;1993;0.1192;992;t
US-RI;sptinc992t;p90p95;1994;0.121;992;t
US-RI;sptinc992t;p90p95;1995;0.1199;992;t
US-RI;sptinc992t;p90p95;1996;0.1199;992;t
US-RI;sptinc992t;p90p95;1997;0.119;992;t
US-RI;sptinc992t;p90p95;1998;0.1153;992;t
US-RI;sptinc992t;p90p95;1999;0.1148;992;t
US-RI;sptinc992t;p90p95;2000;0.1174;992;t
US-RI;sptinc992t;p90p95;2001;0.1222;992;t
US-RI;sptinc992t;p90p95;2002;0.1234;992;t
US-RI;sptinc992t;p90p95;2003;0.1216;992;t
US-RI;sptinc992t;p90p95;2004;0.1183;992;t
US-RI;sptinc992t;p90p95;2005;0.1157;992;t
US-RI;sptinc992t;p90p95;2006;0.1177;992;t
US-RI;sptinc992t;p90p95;2007;0.1165;992;t
US-RI;sptinc992t;p90p95;2008;0.1247;992;t
US-RI;sptinc992t;p90p95;2009;0.1303;992;t
US-RI;sptinc992t;p90p95;2010;0.1278;992;t
US-RI;sptinc992t;p90p95;2011;0.1311;992;t
US-RI;sptinc992t;p90p95;2012;0.1237;992;t
US-RI;sptinc992t;p90p95;2013;0.1251;992;t
US-RI;sptinc992t;p90p95;2014;0.1263;992;t
US-RI;sptinc992t;p90p95;2015;0.1275;992;t
US-RI;sptinc992t;p90p95;2016;0.1301;992;t
US-RI;sptinc992t;p90p95;2017;0.1234;992;t
US-RI;sptinc992t;p90p95;2018;0.1229;992;t
US-RI;sfiinc992t;p99.9p99.99;1917;0.0697;992;t
US-RI;sfiinc992t;p99.9p99.99;1918;0.0616;992;t
US-RI;sfiinc992t;p99.9p99.99;1919;0.0548;992;t
US-RI;sfiinc992t;p99.9p99.99;1920;0.0464;992;t
US-RI;sfiinc992t;p99.9p99.99;1921;0.0471;992;t
US-RI;sfiinc992t;p99.9p99.99;1922;0.0498;992;t
US-RI;sfiinc992t;p99.9p99.99;1923;0.0426;992;t
US-RI;sfiinc992t;p99.9p99.99;1924;0.047;992;t
US-RI;sfiinc992t;p99.9p99.99;1925;0.0543;992;t
US-RI;sfiinc992t;p99.9p99.99;1926;0.0519;992;t
US-RI;sfiinc992t;p99.9p99.99;1927;0.0548;992;t
US-RI;sfiinc992t;p99.9p99.99;1928;0.0652;992;t
US-RI;sfiinc992t;p99.9p99.99;1929;0.0666;992;t
US-RI;sfiinc992t;p99.9p99.99;1930;0.0497;992;t
US-RI;sfiinc992t;p99.9p99.99;1931;0.0446;992;t
US-RI;sfiinc992t;p99.9p99.99;1932;0.0454;992;t
US-RI;sfiinc992t;p99.9p99.99;1933;0.0437;992;t
US-RI;sfiinc992t;p99.9p99.99;1934;0.043;992;t
US-RI;sfiinc992t;p99.9p99.99;1935;0.0437;992;t
US-RI;sfiinc992t;p99.9p99.99;1936;0.0533;992;t
US-RI;sfiinc992t;p99.9p99.99;1937;0.0484;992;t
US-RI;sfiinc992t;p99.9p99.99;1938;0.035;992;t
US-RI;sfiinc992t;p99.9p99.99;1939;0.0412;992;t
US-RI;sfiinc992t;p99.9p99.99;1940;0.0426;992;t
US-RI;sfiinc992t;p99.9p99.99;1941;0.0372;992;t
US-RI;sfiinc992t;p99.9p99.99;1942;0.0316;992;t
US-RI;sfiinc992t;p99.9p99.99;1943;0.0288;992;t
US-RI;sfiinc992t;p99.9p99.99;1944;0.0263;992;t
US-RI;sfiinc992t;p99.9p99.99;1945;0.0309;992;t
US-RI;sfiinc992t;p99.9p99.99;1946;0.033;992;t
US-RI;sfiinc992t;p99.9p99.99;1947;0.0294;992;t
US-RI;sfiinc992t;p99.9p99.99;1948;0.0321;992;t
US-RI;sfiinc992t;p99.9p99.99;1949;0.0301;992;t
US-RI;sfiinc992t;p99.9p99.99;1950;0.0353;992;t
US-RI;sfiinc992t;p99.9p99.99;1951;0.0349;992;t
US-RI;sfiinc992t;p99.9p99.99;1952;0.0247;992;t
US-RI;sfiinc992t;p99.9p99.99;1953;0.0219;992;t
US-RI;sfiinc992t;p99.9p99.99;1954;0.024;992;t
US-RI;sfiinc992t;p99.9p99.99;1955;0.0307;992;t
US-RI;sfiinc992t;p99.9p99.99;1956;0.0234;992;t
US-RI;sfiinc992t;p99.9p99.99;1957;0.0219;992;t
US-RI;sfiinc992t;p99.9p99.99;1958;0.021;992;t
US-RI;sfiinc992t;p99.9p99.99;1959;0.0201;992;t
US-RI;sfiinc992t;p99.9p99.99;1960;0.0201;992;t
US-RI;sfiinc992t;p99.9p99.99;1961;0.0195;992;t
US-RI;sfiinc992t;p99.9p99.99;1962;0.0191;992;t
US-RI;sfiinc992t;p99.9p99.99;1963;0.0186;992;t
US-RI;sfiinc992t;p99.9p99.99;1964;0.0178;992;t
US-RI;sfiinc992t;p99.9p99.99;1965;0.0214;992;t
US-RI;sfiinc992t;p99.9p99.99;1966;0.0208;992;t
US-RI;sfiinc992t;p99.9p99.99;1967;0.0218;992;t
US-RI;sfiinc992t;p99.9p99.99;1968;0.023;992;t
US-RI;sfiinc992t;p99.9p99.99;1969;0.0195;992;t
US-RI;sfiinc992t;p99.9p99.99;1970;0.0168;992;t
US-RI;sfiinc992t;p99.9p99.99;1971;0.0167;992;t
US-RI;sfiinc992t;p99.9p99.99;1972;0.0182;992;t
US-RI;sfiinc992t;p99.9p99.99;1973;0.0177;992;t
US-RI;sfiinc992t;p99.9p99.99;1974;0.017;992;t
US-RI;sfiinc992t;p99.9p99.99;1975;0.0176;992;t
US-RI;sfiinc992t;p99.9p99.99;1976;0.0182;992;t
US-RI;sfiinc992t;p99.9p99.99;1977;0.0176;992;t
US-RI;sfiinc992t;p99.9p99.99;1978;0.0181;992;t
US-RI;sfiinc992t;p99.9p99.99;1979;0.0201;992;t
US-RI;sfiinc992t;p99.9p99.99;1980;0.0204;992;t
US-RI;sfiinc992t;p99.9p99.99;1981;0.0206;992;t
US-RI;sfiinc992t;p99.9p99.99;1982;0.0249;992;t
US-RI;sfiinc992t;p99.9p99.99;1983;0.0239;992;t
US-RI;sfiinc992t;p99.9p99.99;1984;0.0272;992;t
US-RI;sfiinc992t;p99.9p99.99;1985;0.0283;992;t
US-RI;sfiinc992t;p99.9p99.99;1986;0.0415;992;t
US-RI;sfiinc992t;p99.9p99.99;1987;0.0291;992;t
US-RI;sfiinc992t;p99.9p99.99;1988;0.0378;992;t
US-RI;sfiinc992t;p99.9p99.99;1989;0.0314;992;t
US-RI;sfiinc992t;p99.9p99.99;1990;0.0302;992;t
US-RI;sfiinc992t;p99.9p99.99;1991;0.0307;992;t
US-RI;sfiinc992t;p99.9p99.99;1992;0.031;992;t
US-RI;sfiinc992t;p99.9p99.99;1993;0.0287;992;t
US-RI;sfiinc992t;p99.9p99.99;1994;0.0285;992;t
US-RI;sfiinc992t;p99.9p99.99;1995;0.032;992;t
US-RI;sfiinc992t;p99.9p99.99;1996;0.033;992;t
US-RI;sfiinc992t;p99.9p99.99;1997;0.0421;992;t
US-RI;sfiinc992t;p99.9p99.99;1998;0.0431;992;t
US-RI;sfiinc992t;p99.9p99.99;1999;0.0426;992;t
US-RI;sfiinc992t;p99.9p99.99;2000;0.0485;992;t
US-RI;sfiinc992t;p99.9p99.99;2001;0.04;992;t
US-RI;sfiinc992t;p99.9p99.99;2002;0.0346;992;t
US-RI;sfiinc992t;p99.9p99.99;2003;0.0359;992;t
US-RI;sfiinc992t;p99.9p99.99;2004;0.0416;992;t
US-RI;sfiinc992t;p99.9p99.99;2005;0.0434;992;t
US-RI;sfiinc992t;p99.9p99.99;2006;0.0476;992;t
US-RI;sfiinc992t;p99.9p99.99;2007;0.0505;992;t
US-RI;sfiinc992t;p99.9p99.99;2008;0.0407;992;t
US-RI;sfiinc992t;p99.9p99.99;2009;0.0337;992;t
US-RI;sfiinc992t;p99.9p99.99;2010;0.0386;992;t
US-RI;sfiinc992t;p99.9p99.99;2011;0.0416;992;t
US-RI;sfiinc992t;p99.9p99.99;2012;0.0454;992;t
US-RI;sfiinc992t;p99.9p99.99;2013;0.0381;992;t
US-RI;sfiinc992t;p99.9p99.99;2014;0.0453;992;t
US-RI;sfiinc992t;p99.9p99.99;2015;0.0413;992;t
US-RI;sfiinc992t;p99.9p99.99;2016;0.0412;992;t
US-RI;sfiinc992t;p99.9p99.99;2017;0.0432;992;t
US-RI;sfiinc992t;p99.9p99.99;2018;0.0433;992;t
US-RI;sptinc992t;p95p100;1917;0.3557;992;t
US-RI;sptinc992t;p95p100;1918;0.34;992;t
US-RI;sptinc992t;p95p100;1919;0.3107;992;t
US-RI;sptinc992t;p95p100;1920;0.2873;992;t
US-RI;sptinc992t;p95p100;1921;0.3146;992;t
US-RI;sptinc992t;p95p100;1922;0.3192;992;t
US-RI;sptinc992t;p95p100;1923;0.2909;992;t
US-RI;sptinc992t;p95p100;1924;0.3101;992;t
US-RI;sptinc992t;p95p100;1925;0.327;992;t
US-RI;sptinc992t;p95p100;1926;0.324;992;t
US-RI;sptinc992t;p95p100;1927;0.3393;992;t
US-RI;sptinc992t;p95p100;1928;0.3677;992;t
US-RI;sptinc992t;p95p100;1929;0.3721;992;t
US-RI;sptinc992t;p95p100;1930;0.3269;992;t
US-RI;sptinc992t;p95p100;1931;0.3181;992;t
US-RI;sptinc992t;p95p100;1932;0.3172;992;t
US-RI;sptinc992t;p95p100;1933;0.2992;992;t
US-RI;sptinc992t;p95p100;1934;0.323;992;t
US-RI;sptinc992t;p95p100;1935;0.3066;992;t
US-RI;sptinc992t;p95p100;1936;0.333;992;t
US-RI;sptinc992t;p95p100;1937;0.3159;992;t
US-RI;sptinc992t;p95p100;1938;0.275;992;t
US-RI;sptinc992t;p95p100;1939;0.296;992;t
US-RI;sptinc992t;p95p100;1940;0.3005;992;t
US-RI;sptinc992t;p95p100;1941;0.2642;992;t
US-RI;sptinc992t;p95p100;1942;0.2235;992;t
US-RI;sptinc992t;p95p100;1943;0.2034;992;t
US-RI;sptinc992t;p95p100;1944;0.2001;992;t
US-RI;sptinc992t;p95p100;1945;0.2264;992;t
US-RI;sptinc992t;p95p100;1946;0.2555;992;t
US-RI;sptinc992t;p95p100;1947;0.2402;992;t
US-RI;sptinc992t;p95p100;1948;0.2612;992;t
US-RI;sptinc992t;p95p100;1949;0.2488;992;t
US-RI;sptinc992t;p95p100;1950;0.2544;992;t
US-RI;sptinc992t;p95p100;1951;0.2493;992;t
US-RI;sptinc992t;p95p100;1952;0.2258;992;t
US-RI;sptinc992t;p95p100;1953;0.2128;992;t
US-RI;sptinc992t;p95p100;1954;0.2194;992;t
US-RI;sptinc992t;p95p100;1955;0.2523;992;t
US-RI;sptinc992t;p95p100;1956;0.2199;992;t
US-RI;sptinc992t;p95p100;1957;0.2074;992;t
US-RI;sptinc992t;p95p100;1958;0.2219;992;t
US-RI;sptinc992t;p95p100;1959;0.2093;992;t
US-RI;sptinc992t;p95p100;1960;0.2146;992;t
US-RI;sptinc992t;p95p100;1961;0.2262;992;t
US-RI;sptinc992t;p95p100;1962;0.2119;992;t
US-RI;sptinc992t;p95p100;1963;0.2137;992;t
US-RI;sptinc992t;p95p100;1964;0.2336;992;t
US-RI;sptinc992t;p95p100;1965;0.2227;992;t
US-RI;sptinc992t;p95p100;1966;0.2143;992;t
US-RI;sptinc992t;p95p100;1967;0.2246;992;t
US-RI;sptinc992t;p95p100;1968;0.2253;992;t
US-RI;sptinc992t;p95p100;1969;0.2142;992;t
US-RI;sptinc992t;p95p100;1970;0.1993;992;t
US-RI;sptinc992t;p95p100;1971;0.2073;992;t
US-RI;sptinc992t;p95p100;1972;0.2103;992;t
US-RI;sptinc992t;p95p100;1973;0.2202;992;t
US-RI;sptinc992t;p95p100;1974;0.218;992;t
US-RI;sptinc992t;p95p100;1975;0.2262;992;t
US-RI;sptinc992t;p95p100;1976;0.2198;992;t
US-RI;sptinc992t;p95p100;1977;0.2193;992;t
US-RI;sptinc992t;p95p100;1978;0.2273;992;t
US-RI;sptinc992t;p95p100;1979;0.2391;992;t
US-RI;sptinc992t;p95p100;1980;0.2317;992;t
US-RI;sptinc992t;p95p100;1981;0.2214;992;t
US-RI;sptinc992t;p95p100;1982;0.2375;992;t
US-RI;sptinc992t;p95p100;1983;0.2308;992;t
US-RI;sptinc992t;p95p100;1984;0.2411;992;t
US-RI;sptinc992t;p95p100;1985;0.244;992;t
US-RI;sptinc992t;p95p100;1986;0.2925;992;t
US-RI;sptinc992t;p95p100;1987;0.2608;992;t
US-RI;sptinc992t;p95p100;1988;0.2861;992;t
US-RI;sptinc992t;p95p100;1989;0.267;992;t
US-RI;sptinc992t;p95p100;1990;0.2639;992;t
US-RI;sptinc992t;p95p100;1991;0.2737;992;t
US-RI;sptinc992t;p95p100;1992;0.2748;992;t
US-RI;sptinc992t;p95p100;1993;0.2703;992;t
US-RI;sptinc992t;p95p100;1994;0.2696;992;t
US-RI;sptinc992t;p95p100;1995;0.2781;992;t
US-RI;sptinc992t;p95p100;1996;0.285;992;t
US-RI;sptinc992t;p95p100;1997;0.3134;992;t
US-RI;sptinc992t;p95p100;1998;0.3122;992;t
US-RI;sptinc992t;p95p100;1999;0.3097;992;t
US-RI;sptinc992t;p95p100;2000;0.3356;992;t
US-RI;sptinc992t;p95p100;2001;0.3126;992;t
US-RI;sptinc992t;p95p100;2002;0.2979;992;t
US-RI;sptinc992t;p95p100;2003;0.3007;992;t
US-RI;sptinc992t;p95p100;2004;0.3127;992;t
US-RI;sptinc992t;p95p100;2005;0.3197;992;t
US-RI;sptinc992t;p95p100;2006;0.3299;992;t
US-RI;sptinc992t;p95p100;2007;0.3411;992;t
US-RI;sptinc992t;p95p100;2008;0.3164;992;t
US-RI;sptinc992t;p95p100;2009;0.3016;992;t
US-RI;sptinc992t;p95p100;2010;0.3119;992;t
US-RI;sptinc992t;p95p100;2011;0.3273;992;t
US-RI;sptinc992t;p95p100;2012;0.3312;992;t
US-RI;sptinc992t;p95p100;2013;0.3117;992;t
US-RI;sptinc992t;p95p100;2014;0.341;992;t
US-RI;sptinc992t;p95p100;2015;0.3255;992;t
US-RI;sptinc992t;p95p100;2016;0.3335;992;t
US-RI;sptinc992t;p95p100;2017;0.3391;992;t
US-RI;sptinc992t;p95p100;2018;0.3364;992;t
US-RI;sfiinc992t;p99.99p100;1917;0.0534;992;t
US-RI;sfiinc992t;p99.99p100;1918;0.038;992;t
US-RI;sfiinc992t;p99.99p100;1919;0.0248;992;t
US-RI;sfiinc992t;p99.99p100;1920;0.0218;992;t
US-RI;sfiinc992t;p99.99p100;1921;0.0248;992;t
US-RI;sfiinc992t;p99.99p100;1922;0.0246;992;t
US-RI;sfiinc992t;p99.99p100;1923;0.0185;992;t
US-RI;sfiinc992t;p99.99p100;1924;0.0242;992;t
US-RI;sfiinc992t;p99.99p100;1925;0.0282;992;t
US-RI;sfiinc992t;p99.99p100;1926;0.0231;992;t
US-RI;sfiinc992t;p99.99p100;1927;0.0265;992;t
US-RI;sfiinc992t;p99.99p100;1928;0.0332;992;t
US-RI;sfiinc992t;p99.99p100;1929;0.0365;992;t
US-RI;sfiinc992t;p99.99p100;1930;0.0227;992;t
US-RI;sfiinc992t;p99.99p100;1931;0.02;992;t
US-RI;sfiinc992t;p99.99p100;1932;0.0209;992;t
US-RI;sfiinc992t;p99.99p100;1933;0.0176;992;t
US-RI;sfiinc992t;p99.99p100;1934;0.0222;992;t
US-RI;sfiinc992t;p99.99p100;1935;0.022;992;t
US-RI;sfiinc992t;p99.99p100;1936;0.0241;992;t
US-RI;sfiinc992t;p99.99p100;1937;0.021;992;t
US-RI;sfiinc992t;p99.99p100;1938;0.0165;992;t
US-RI;sfiinc992t;p99.99p100;1939;0.0181;992;t
US-RI;sfiinc992t;p99.99p100;1940;0.0197;992;t
US-RI;sfiinc992t;p99.99p100;1941;0.0187;992;t
US-RI;sfiinc992t;p99.99p100;1942;0.0104;992;t
US-RI;sfiinc992t;p99.99p100;1943;0.0096;992;t
US-RI;sfiinc992t;p99.99p100;1944;0.0094;992;t
US-RI;sfiinc992t;p99.99p100;1945;0.0107;992;t
US-RI;sfiinc992t;p99.99p100;1946;0.0141;992;t
US-RI;sfiinc992t;p99.99p100;1947;0.0164;992;t
US-RI;sfiinc992t;p99.99p100;1948;0.0162;992;t
US-RI;sfiinc992t;p99.99p100;1949;0.0129;992;t
US-RI;sfiinc992t;p99.99p100;1950;0.0144;992;t
US-RI;sfiinc992t;p99.99p100;1951;0.0156;992;t
US-RI;sfiinc992t;p99.99p100;1952;0.0127;992;t
US-RI;sfiinc992t;p99.99p100;1953;0.0111;992;t
US-RI;sfiinc992t;p99.99p100;1954;0.0132;992;t
US-RI;sfiinc992t;p99.99p100;1955;0.013;992;t
US-RI;sfiinc992t;p99.99p100;1956;0.0125;992;t
US-RI;sfiinc992t;p99.99p100;1957;0.0133;992;t
US-RI;sfiinc992t;p99.99p100;1958;0.017;992;t
US-RI;sfiinc992t;p99.99p100;1959;0.0149;992;t
US-RI;sfiinc992t;p99.99p100;1960;0.0128;992;t
US-RI;sfiinc992t;p99.99p100;1961;0.013;992;t
US-RI;sfiinc992t;p99.99p100;1962;0.0115;992;t
US-RI;sfiinc992t;p99.99p100;1963;0.0089;992;t
US-RI;sfiinc992t;p99.99p100;1964;0.0218;992;t
US-RI;sfiinc992t;p99.99p100;1965;0.0123;992;t
US-RI;sfiinc992t;p99.99p100;1966;0.013;992;t
US-RI;sfiinc992t;p99.99p100;1967;0.0137;992;t
US-RI;sfiinc992t;p99.99p100;1968;0.0134;992;t
US-RI;sfiinc992t;p99.99p100;1969;0.0132;992;t
US-RI;sfiinc992t;p99.99p100;1970;0.0074;992;t
US-RI;sfiinc992t;p99.99p100;1971;0.0092;992;t
US-RI;sfiinc992t;p99.99p100;1972;0.0163;992;t
US-RI;sfiinc992t;p99.99p100;1973;0.0079;992;t
US-RI;sfiinc992t;p99.99p100;1974;0.0076;992;t
US-RI;sfiinc992t;p99.99p100;1975;0.0069;992;t
US-RI;sfiinc992t;p99.99p100;1976;0.0068;992;t
US-RI;sfiinc992t;p99.99p100;1977;0.0086;992;t
US-RI;sfiinc992t;p99.99p100;1978;0.008;992;t
US-RI;sfiinc992t;p99.99p100;1979;0.0113;992;t
US-RI;sfiinc992t;p99.99p100;1980;0.0145;992;t
US-RI;sfiinc992t;p99.99p100;1981;0.011;992;t
US-RI;sfiinc992t;p99.99p100;1982;0.0177;992;t
US-RI;sfiinc992t;p99.99p100;1983;0.0172;992;t
US-RI;sfiinc992t;p99.99p100;1984;0.0209;992;t
US-RI;sfiinc992t;p99.99p100;1985;0.0201;992;t
US-RI;sfiinc992t;p99.99p100;1986;0.0356;992;t
US-RI;sfiinc992t;p99.99p100;1987;0.0184;992;t
US-RI;sfiinc992t;p99.99p100;1988;0.0269;992;t
US-RI;sfiinc992t;p99.99p100;1989;0.0205;992;t
US-RI;sfiinc992t;p99.99p100;1990;0.0177;992;t
US-RI;sfiinc992t;p99.99p100;1991;0.0189;992;t
US-RI;sfiinc992t;p99.99p100;1992;0.0187;992;t
US-RI;sfiinc992t;p99.99p100;1993;0.0167;992;t
US-RI;sfiinc992t;p99.99p100;1994;0.0162;992;t
US-RI;sfiinc992t;p99.99p100;1995;0.0188;992;t
US-RI;sfiinc992t;p99.99p100;1996;0.0196;992;t
US-RI;sfiinc992t;p99.99p100;1997;0.0306;992;t
US-RI;sfiinc992t;p99.99p100;1998;0.0304;992;t
US-RI;sfiinc992t;p99.99p100;1999;0.0273;992;t
US-RI;sfiinc992t;p99.99p100;2000;0.0406;992;t
US-RI;sfiinc992t;p99.99p100;2001;0.0332;992;t
US-RI;sfiinc992t;p99.99p100;2002;0.0218;992;t
US-RI;sfiinc992t;p99.99p100;2003;0.0243;992;t
US-RI;sfiinc992t;p99.99p100;2004;0.0298;992;t
US-RI;sfiinc992t;p99.99p100;2005;0.029;992;t
US-RI;sfiinc992t;p99.99p100;2006;0.0345;992;t
US-RI;sfiinc992t;p99.99p100;2007;0.0413;992;t
US-RI;sfiinc992t;p99.99p100;2008;0.0308;992;t
US-RI;sfiinc992t;p99.99p100;2009;0.0242;992;t
US-RI;sfiinc992t;p99.99p100;2010;0.0329;992;t
US-RI;sfiinc992t;p99.99p100;2011;0.0391;992;t
US-RI;sfiinc992t;p99.99p100;2012;0.0406;992;t
US-RI;sfiinc992t;p99.99p100;2013;0.0303;992;t
US-RI;sfiinc992t;p99.99p100;2014;0.0425;992;t
US-RI;sfiinc992t;p99.99p100;2015;0.0302;992;t
US-RI;sfiinc992t;p99.99p100;2016;0.0314;992;t
US-RI;sfiinc992t;p99.99p100;2017;0.0341;992;t
US-RI;sfiinc992t;p99.99p100;2018;0.0331;992;t
US-RI;sptinc992t;p99.99p100;1917;0.0534;992;t
US-RI;sptinc992t;p99.99p100;1918;0.038;992;t
US-RI;sptinc992t;p99.99p100;1919;0.0248;992;t
US-RI;sptinc992t;p99.99p100;1920;0.0218;992;t
US-RI;sptinc992t;p99.99p100;1921;0.0248;992;t
US-RI;sptinc992t;p99.99p100;1922;0.0246;992;t
US-RI;sptinc992t;p99.99p100;1923;0.0185;992;t
US-RI;sptinc992t;p99.99p100;1924;0.0242;992;t
US-RI;sptinc992t;p99.99p100;1925;0.0282;992;t
US-RI;sptinc992t;p99.99p100;1926;0.0231;992;t
US-RI;sptinc992t;p99.99p100;1927;0.0265;992;t
US-RI;sptinc992t;p99.99p100;1928;0.0332;992;t
US-RI;sptinc992t;p99.99p100;1929;0.0365;992;t
US-RI;sptinc992t;p99.99p100;1930;0.0227;992;t
US-RI;sptinc992t;p99.99p100;1931;0.02;992;t
US-RI;sptinc992t;p99.99p100;1932;0.0209;992;t
US-RI;sptinc992t;p99.99p100;1933;0.0176;992;t
US-RI;sptinc992t;p99.99p100;1934;0.0222;992;t
US-RI;sptinc992t;p99.99p100;1935;0.022;992;t
US-RI;sptinc992t;p99.99p100;1936;0.0241;992;t
US-RI;sptinc992t;p99.99p100;1937;0.021;992;t
US-RI;sptinc992t;p99.99p100;1938;0.0165;992;t
US-RI;sptinc992t;p99.99p100;1939;0.0181;992;t
US-RI;sptinc992t;p99.99p100;1940;0.0197;992;t
US-RI;sptinc992t;p99.99p100;1941;0.0187;992;t
US-RI;sptinc992t;p99.99p100;1942;0.0104;992;t
US-RI;sptinc992t;p99.99p100;1943;0.0096;992;t
US-RI;sptinc992t;p99.99p100;1944;0.0094;992;t
US-RI;sptinc992t;p99.99p100;1945;0.0107;992;t
US-RI;sptinc992t;p99.99p100;1946;0.0141;992;t
US-RI;sptinc992t;p99.99p100;1947;0.0164;992;t
US-RI;sptinc992t;p99.99p100;1948;0.0162;992;t
US-RI;sptinc992t;p99.99p100;1949;0.0129;992;t
US-RI;sptinc992t;p99.99p100;1950;0.0144;992;t
US-RI;sptinc992t;p99.99p100;1951;0.0156;992;t
US-RI;sptinc992t;p99.99p100;1952;0.0127;992;t
US-RI;sptinc992t;p99.99p100;1953;0.0111;992;t
US-RI;sptinc992t;p99.99p100;1954;0.0132;992;t
US-RI;sptinc992t;p99.99p100;1955;0.013;992;t
US-RI;sptinc992t;p99.99p100;1956;0.0125;992;t
US-RI;sptinc992t;p99.99p100;1957;0.0133;992;t
US-RI;sptinc992t;p99.99p100;1958;0.017;992;t
US-RI;sptinc992t;p99.99p100;1959;0.0149;992;t
US-RI;sptinc992t;p99.99p100;1960;0.0128;992;t
US-RI;sptinc992t;p99.99p100;1961;0.013;992;t
US-RI;sptinc992t;p99.99p100;1962;0.0115;992;t
US-RI;sptinc992t;p99.99p100;1963;0.0089;992;t
US-RI;sptinc992t;p99.99p100;1964;0.0218;992;t
US-RI;sptinc992t;p99.99p100;1965;0.0123;992;t
US-RI;sptinc992t;p99.99p100;1966;0.013;992;t
US-RI;sptinc992t;p99.99p100;1967;0.0137;992;t
US-RI;sptinc992t;p99.99p100;1968;0.0134;992;t
US-RI;sptinc992t;p99.99p100;1969;0.0132;992;t
US-RI;sptinc992t;p99.99p100;1970;0.0074;992;t
US-RI;sptinc992t;p99.99p100;1971;0.0092;992;t
US-RI;sptinc992t;p99.99p100;1972;0.0163;992;t
US-RI;sptinc992t;p99.99p100;1973;0.0079;992;t
US-RI;sptinc992t;p99.99p100;1974;0.0076;992;t
US-RI;sptinc992t;p99.99p100;1975;0.0069;992;t
US-RI;sptinc992t;p99.99p100;1976;0.0068;992;t
US-RI;sptinc992t;p99.99p100;1977;0.0086;992;t
US-RI;sptinc992t;p99.99p100;1978;0.008;992;t
US-RI;sptinc992t;p99.99p100;1979;0.0113;992;t
US-RI;sptinc992t;p99.99p100;1980;0.0145;992;t
US-RI;sptinc992t;p99.99p100;1981;0.011;992;t
US-RI;sptinc992t;p99.99p100;1982;0.0177;992;t
US-RI;sptinc992t;p99.99p100;1983;0.0172;992;t
US-RI;sptinc992t;p99.99p100;1984;0.0209;992;t
US-RI;sptinc992t;p99.99p100;1985;0.0201;992;t
US-RI;sptinc992t;p99.99p100;1986;0.0356;992;t
US-RI;sptinc992t;p99.99p100;1987;0.0184;992;t
US-RI;sptinc992t;p99.99p100;1988;0.0269;992;t
US-RI;sptinc992t;p99.99p100;1989;0.0205;992;t
US-RI;sptinc992t;p99.99p100;1990;0.0177;992;t
US-RI;sptinc992t;p99.99p100;1991;0.0189;992;t
US-RI;sptinc992t;p99.99p100;1992;0.0187;992;t
US-RI;sptinc992t;p99.99p100;1993;0.0167;992;t
US-RI;sptinc992t;p99.99p100;1994;0.0162;992;t
US-RI;sptinc992t;p99.99p100;1995;0.0188;992;t
US-RI;sptinc992t;p99.99p100;1996;0.0196;992;t
US-RI;sptinc992t;p99.99p100;1997;0.0306;992;t
US-RI;sptinc992t;p99.99p100;1998;0.0304;992;t
US-RI;sptinc992t;p99.99p100;1999;0.0273;992;t
US-RI;sptinc992t;p99.99p100;2000;0.0406;992;t
US-RI;sptinc992t;p99.99p100;2001;0.0332;992;t
US-RI;sptinc992t;p99.99p100;2002;0.0218;992;t
US-RI;sptinc992t;p99.99p100;2003;0.0243;992;t
US-RI;sptinc992t;p99.99p100;2004;0.0298;992;t
US-RI;sptinc992t;p99.99p100;2005;0.029;992;t
US-RI;sptinc992t;p99.99p100;2006;0.0345;992;t
US-RI;sptinc992t;p99.99p100;2007;0.0413;992;t
US-RI;sptinc992t;p99.99p100;2008;0.0308;992;t
US-RI;sptinc992t;p99.99p100;2009;0.0242;992;t
US-RI;sptinc992t;p99.99p100;2010;0.0329;992;t
US-RI;sptinc992t;p99.99p100;2011;0.0391;992;t
US-RI;sptinc992t;p99.99p100;2012;0.0406;992;t
US-RI;sptinc992t;p99.99p100;2013;0.0303;992;t
US-RI;sptinc992t;p99.99p100;2014;0.0425;992;t
US-RI;sptinc992t;p99.99p100;2015;0.0302;992;t
US-RI;sptinc992t;p99.99p100;2016;0.0314;992;t
US-RI;sptinc992t;p99.99p100;2017;0.0341;992;t
US-RI;sptinc992t;p99.99p100;2018;0.0331;992;t
US-RI;afiinc992t;p99p99.5;1917;152868.7;992;t
US-RI;afiinc992t;p99p99.5;1918;153826.6;992;t
US-RI;afiinc992t;p99p99.5;1919;148022.1;992;t
US-RI;afiinc992t;p99p99.5;1920;137268.7;992;t
US-RI;afiinc992t;p99p99.5;1921;141634.5;992;t
US-RI;afiinc992t;p99p99.5;1922;164073.8;992;t
US-RI;afiinc992t;p99p99.5;1923;163986.5;992;t
US-RI;afiinc992t;p99p99.5;1924;169734.2;992;t
US-RI;afiinc992t;p99p99.5;1925;180534.5;992;t
US-RI;afiinc992t;p99p99.5;1926;185644.0;992;t
US-RI;afiinc992t;p99p99.5;1927;197690.4;992;t
US-RI;afiinc992t;p99p99.5;1928;217133.7;992;t
US-RI;afiinc992t;p99p99.5;1929;219717.8;992;t
US-RI;afiinc992t;p99p99.5;1930;173700.6;992;t
US-RI;afiinc992t;p99p99.5;1931;155633.4;992;t
US-RI;afiinc992t;p99p99.5;1932;134028.1;992;t
US-RI;afiinc992t;p99p99.5;1933;129081.9;992;t
US-RI;afiinc992t;p99p99.5;1934;139581.9;992;t
US-RI;afiinc992t;p99p99.5;1935;147455.0;992;t
US-RI;afiinc992t;p99p99.5;1936;181231.3;992;t
US-RI;afiinc992t;p99p99.5;1937;166084.1;992;t
US-RI;afiinc992t;p99p99.5;1938;133201.4;992;t
US-RI;afiinc992t;p99p99.5;1939;154591.5;992;t
US-RI;afiinc992t;p99p99.5;1940;163315.3;992;t
US-RI;afiinc992t;p99p99.5;1941;179458.1;992;t
US-RI;afiinc992t;p99p99.5;1942;182335.8;992;t
US-RI;afiinc992t;p99p99.5;1943;185531.3;992;t
US-RI;afiinc992t;p99p99.5;1944;178839.8;992;t
US-RI;afiinc992t;p99p99.5;1945;195813.2;992;t
US-RI;afiinc992t;p99p99.5;1946;199541.8;992;t
US-RI;afiinc992t;p99p99.5;1947;168217.4;992;t
US-RI;afiinc992t;p99p99.5;1948;175415.0;992;t
US-RI;afiinc992t;p99p99.5;1949;159425.6;992;t
US-RI;afiinc992t;p99p99.5;1950;186749.3;992;t
US-RI;afiinc992t;p99p99.5;1951;186101.9;992;t
US-RI;afiinc992t;p99p99.5;1952;170074.9;992;t
US-RI;afiinc992t;p99p99.5;1953;169001.9;992;t
US-RI;afiinc992t;p99p99.5;1954;170145.4;992;t
US-RI;afiinc992t;p99p99.5;1955;200350.7;992;t
US-RI;afiinc992t;p99p99.5;1956;174840.3;992;t
US-RI;afiinc992t;p99p99.5;1957;176901.6;992;t
US-RI;afiinc992t;p99p99.5;1958;169813.0;992;t
US-RI;afiinc992t;p99p99.5;1959;163900.1;992;t
US-RI;afiinc992t;p99p99.5;1960;165992.8;992;t
US-RI;afiinc992t;p99p99.5;1961;245943.5;992;t
US-RI;afiinc992t;p99p99.5;1962;187165.6;992;t
US-RI;afiinc992t;p99p99.5;1963;201336.7;992;t
US-RI;afiinc992t;p99p99.5;1964;184803.2;992;t
US-RI;afiinc992t;p99p99.5;1965;242671.7;992;t
US-RI;afiinc992t;p99p99.5;1966;236432.2;992;t
US-RI;afiinc992t;p99p99.5;1967;271096.2;992;t
US-RI;afiinc992t;p99p99.5;1968;269655.9;992;t
US-RI;afiinc992t;p99p99.5;1969;231768.3;992;t
US-RI;afiinc992t;p99p99.5;1970;229081.9;992;t
US-RI;afiinc992t;p99p99.5;1971;238495.7;992;t
US-RI;afiinc992t;p99p99.5;1972;226448.0;992;t
US-RI;afiinc992t;p99p99.5;1973;244411.8;992;t
US-RI;afiinc992t;p99p99.5;1974;224452.6;992;t
US-RI;afiinc992t;p99p99.5;1975;224908.7;992;t
US-RI;afiinc992t;p99p99.5;1976;239494.2;992;t
US-RI;afiinc992t;p99p99.5;1977;229202.5;992;t
US-RI;afiinc992t;p99p99.5;1978;242203.3;992;t
US-RI;afiinc992t;p99p99.5;1979;249543.7;992;t
US-RI;afiinc992t;p99p99.5;1980;234607.8;992;t
US-RI;afiinc992t;p99p99.5;1981;220412.9;992;t
US-RI;afiinc992t;p99p99.5;1982;226953.5;992;t
US-RI;afiinc992t;p99p99.5;1983;225240.4;992;t
US-RI;afiinc992t;p99p99.5;1984;242510.9;992;t
US-RI;afiinc992t;p99p99.5;1985;260997.7;992;t
US-RI;afiinc992t;p99p99.5;1986;327878.6;992;t
US-RI;afiinc992t;p99p99.5;1987;306590.7;992;t
US-RI;afiinc992t;p99p99.5;1988;344300.5;992;t
US-RI;afiinc992t;p99p99.5;1989;332224.7;992;t
US-RI;afiinc992t;p99p99.5;1990;322754.7;992;t
US-RI;afiinc992t;p99p99.5;1991;303533.3;992;t
US-RI;afiinc992t;p99p99.5;1992;319603.7;992;t
US-RI;afiinc992t;p99p99.5;1993;314934.3;992;t
US-RI;afiinc992t;p99p99.5;1994;325109.3;992;t
US-RI;afiinc992t;p99p99.5;1995;352156.5;992;t
US-RI;afiinc992t;p99p99.5;1996;367662.9;992;t
US-RI;afiinc992t;p99p99.5;1997;402024.1;992;t
US-RI;afiinc992t;p99p99.5;1998;435397.2;992;t
US-RI;afiinc992t;p99p99.5;1999;464434.4;992;t
US-RI;afiinc992t;p99p99.5;2000;451381.8;992;t
US-RI;afiinc992t;p99p99.5;2001;440194.0;992;t
US-RI;afiinc992t;p99p99.5;2002;414744.8;992;t
US-RI;afiinc992t;p99p99.5;2003;423773.2;992;t
US-RI;afiinc992t;p99p99.5;2004;464524.5;992;t
US-RI;afiinc992t;p99p99.5;2005;480053.4;992;t
US-RI;afiinc992t;p99p99.5;2006;497997.8;992;t
US-RI;afiinc992t;p99p99.5;2007;518491.4;992;t
US-RI;afiinc992t;p99p99.5;2008;451066.8;992;t
US-RI;afiinc992t;p99p99.5;2009;410853.5;992;t
US-RI;afiinc992t;p99p99.5;2010;413809.3;992;t
US-RI;afiinc992t;p99p99.5;2011;413050.6;992;t
US-RI;afiinc992t;p99p99.5;2012;443869.7;992;t
US-RI;afiinc992t;p99p99.5;2013;450369.8;992;t
US-RI;afiinc992t;p99p99.5;2014;465330.7;992;t
US-RI;afiinc992t;p99p99.5;2015;469566.0;992;t
US-RI;afiinc992t;p99p99.5;2016;472500.8;992;t
US-RI;afiinc992t;p99p99.5;2017;496164.3;992;t
US-RI;afiinc992t;p99p99.5;2018;504788.0;992;t
US-RI;sfiinc992t;p95p100;1917;0.3557;992;t
US-RI;sfiinc992t;p95p100;1918;0.34;992;t
US-RI;sfiinc992t;p95p100;1919;0.3107;992;t
US-RI;sfiinc992t;p95p100;1920;0.2873;992;t
US-RI;sfiinc992t;p95p100;1921;0.3146;992;t
US-RI;sfiinc992t;p95p100;1922;0.3192;992;t
US-RI;sfiinc992t;p95p100;1923;0.2909;992;t
US-RI;sfiinc992t;p95p100;1924;0.3101;992;t
US-RI;sfiinc992t;p95p100;1925;0.327;992;t
US-RI;sfiinc992t;p95p100;1926;0.324;992;t
US-RI;sfiinc992t;p95p100;1927;0.3393;992;t
US-RI;sfiinc992t;p95p100;1928;0.3677;992;t
US-RI;sfiinc992t;p95p100;1929;0.3721;992;t
US-RI;sfiinc992t;p95p100;1930;0.3269;992;t
US-RI;sfiinc992t;p95p100;1931;0.3181;992;t
US-RI;sfiinc992t;p95p100;1932;0.3172;992;t
US-RI;sfiinc992t;p95p100;1933;0.2992;992;t
US-RI;sfiinc992t;p95p100;1934;0.323;992;t
US-RI;sfiinc992t;p95p100;1935;0.3066;992;t
US-RI;sfiinc992t;p95p100;1936;0.333;992;t
US-RI;sfiinc992t;p95p100;1937;0.3159;992;t
US-RI;sfiinc992t;p95p100;1938;0.275;992;t
US-RI;sfiinc992t;p95p100;1939;0.296;992;t
US-RI;sfiinc992t;p95p100;1940;0.3005;992;t
US-RI;sfiinc992t;p95p100;1941;0.2642;992;t
US-RI;sfiinc992t;p95p100;1942;0.2235;992;t
US-RI;sfiinc992t;p95p100;1943;0.2034;992;t
US-RI;sfiinc992t;p95p100;1944;0.2001;992;t
US-RI;sfiinc992t;p95p100;1945;0.2264;992;t
US-RI;sfiinc992t;p95p100;1946;0.2555;992;t
US-RI;sfiinc992t;p95p100;1947;0.2402;992;t
US-RI;sfiinc992t;p95p100;1948;0.2612;992;t
US-RI;sfiinc992t;p95p100;1949;0.2488;992;t
US-RI;sfiinc992t;p95p100;1950;0.2544;992;t
US-RI;sfiinc992t;p95p100;1951;0.2493;992;t
US-RI;sfiinc992t;p95p100;1952;0.2258;992;t
US-RI;sfiinc992t;p95p100;1953;0.2128;992;t
US-RI;sfiinc992t;p95p100;1954;0.2194;992;t
US-RI;sfiinc992t;p95p100;1955;0.2523;992;t
US-RI;sfiinc992t;p95p100;1956;0.2199;992;t
US-RI;sfiinc992t;p95p100;1957;0.2074;992;t
US-RI;sfiinc992t;p95p100;1958;0.2219;992;t
US-RI;sfiinc992t;p95p100;1959;0.2093;992;t
US-RI;sfiinc992t;p95p100;1960;0.2146;992;t
US-RI;sfiinc992t;p95p100;1961;0.2262;992;t
US-RI;sfiinc992t;p95p100;1962;0.2119;992;t
US-RI;sfiinc992t;p95p100;1963;0.2137;992;t
US-RI;sfiinc992t;p95p100;1964;0.2336;992;t
US-RI;sfiinc992t;p95p100;1965;0.2227;992;t
US-RI;sfiinc992t;p95p100;1966;0.2143;992;t
US-RI;sfiinc992t;p95p100;1967;0.2246;992;t
US-RI;sfiinc992t;p95p100;1968;0.2253;992;t
US-RI;sfiinc992t;p95p100;1969;0.2142;992;t
US-RI;sfiinc992t;p95p100;1970;0.1993;992;t
US-RI;sfiinc992t;p95p100;1971;0.2073;992;t
US-RI;sfiinc992t;p95p100;1972;0.2103;992;t
US-RI;sfiinc992t;p95p100;1973;0.2202;992;t
US-RI;sfiinc992t;p95p100;1974;0.218;992;t
US-RI;sfiinc992t;p95p100;1975;0.2262;992;t
US-RI;sfiinc992t;p95p100;1976;0.2198;992;t
US-RI;sfiinc992t;p95p100;1977;0.2193;992;t
US-RI;sfiinc992t;p95p100;1978;0.2273;992;t
US-RI;sfiinc992t;p95p100;1979;0.2391;992;t
US-RI;sfiinc992t;p95p100;1980;0.2317;992;t
US-RI;sfiinc992t;p95p100;1981;0.2214;992;t
US-RI;sfiinc992t;p95p100;1982;0.2375;992;t
US-RI;sfiinc992t;p95p100;1983;0.2308;992;t
US-RI;sfiinc992t;p95p100;1984;0.2411;992;t
US-RI;sfiinc992t;p95p100;1985;0.244;992;t
US-RI;sfiinc992t;p95p100;1986;0.2925;992;t
US-RI;sfiinc992t;p95p100;1987;0.2608;992;t
US-RI;sfiinc992t;p95p100;1988;0.2861;992;t
US-RI;sfiinc992t;p95p100;1989;0.267;992;t
US-RI;sfiinc992t;p95p100;1990;0.2639;992;t
US-RI;sfiinc992t;p95p100;1991;0.2737;992;t
US-RI;sfiinc992t;p95p100;1992;0.2748;992;t
US-RI;sfiinc992t;p95p100;1993;0.2703;992;t
US-RI;sfiinc992t;p95p100;1994;0.2696;992;t
US-RI;sfiinc992t;p95p100;1995;0.2781;992;t
US-RI;sfiinc992t;p95p100;1996;0.285;992;t
US-RI;sfiinc992t;p95p100;1997;0.3134;992;t
US-RI;sfiinc992t;p95p100;1998;0.3122;992;t
US-RI;sfiinc992t;p95p100;1999;0.3097;992;t
US-RI;sfiinc992t;p95p100;2000;0.3356;992;t
US-RI;sfiinc992t;p95p100;2001;0.3126;992;t
US-RI;sfiinc992t;p95p100;2002;0.2979;992;t
US-RI;sfiinc992t;p95p100;2003;0.3007;992;t
US-RI;sfiinc992t;p95p100;2004;0.3127;992;t
US-RI;sfiinc992t;p95p100;2005;0.3197;992;t
US-RI;sfiinc992t;p95p100;2006;0.3299;992;t
US-RI;sfiinc992t;p95p100;2007;0.3411;992;t
US-RI;sfiinc992t;p95p100;2008;0.3164;992;t
US-RI;sfiinc992t;p95p100;2009;0.3016;992;t
US-RI;sfiinc992t;p95p100;2010;0.3119;992;t
US-RI;sfiinc992t;p95p100;2011;0.3273;992;t
US-RI;sfiinc992t;p95p100;2012;0.3312;992;t
US-RI;sfiinc992t;p95p100;2013;0.3117;992;t
US-RI;sfiinc992t;p95p100;2014;0.341;992;t
US-RI;sfiinc992t;p95p100;2015;0.3255;992;t
US-RI;sfiinc992t;p95p100;2016;0.3335;992;t
US-RI;sfiinc992t;p95p100;2017;0.3391;992;t
US-RI;sfiinc992t;p95p100;2018;0.3364;992;t
US-RI;ntaxre992t;p0p100;1917;23927.0;992;t
US-RI;ntaxre992t;p0p100;1918;32921.0;992;t
US-RI;ntaxre992t;p0p100;1919;39936.0;992;t
US-RI;ntaxre992t;p0p100;1920;53128.0;992;t
US-RI;ntaxre992t;p0p100;1921;48057.0;992;t
US-RI;ntaxre992t;p0p100;1922;50076.0;992;t
US-RI;ntaxre992t;p0p100;1923;66965.0;992;t
US-RI;ntaxre992t;p0p100;1924;48792.0;992;t
US-RI;ntaxre992t;p0p100;1925;29123.0;992;t
US-RI;ntaxre992t;p0p100;1926;26362.0;992;t
US-RI;ntaxre992t;p0p100;1927;25184.0;992;t
US-RI;ntaxre992t;p0p100;1928;25801.0;992;t
US-RI;ntaxre992t;p0p100;1929;26926.0;992;t
US-RI;ntaxre992t;p0p100;1930;24574.0;992;t
US-RI;ntaxre992t;p0p100;1931;23270.0;992;t
US-RI;ntaxre992t;p0p100;1932;31670.0;992;t
US-RI;ntaxre992t;p0p100;1933;30475.0;992;t
US-RI;ntaxre992t;p0p100;1934;31828.0;992;t
US-RI;ntaxre992t;p0p100;1935;33519.0;992;t
US-RI;ntaxre992t;p0p100;1936;38789.0;992;t
US-RI;ntaxre992t;p0p100;1937;43656.0;992;t
US-RI;ntaxre992t;p0p100;1938;41476.0;992;t
US-RI;ntaxre992t;p0p100;1939;50757.0;992;t
US-RI;ntaxre992t;p0p100;1940;102914.0;992;t
US-RI;ntaxre992t;p0p100;1941;202405.0;992;t
US-RI;ntaxre992t;p0p100;1942;263601.0;992;t
US-RI;ntaxre992t;p0p100;1943;286443.0;992;t
US-RI;ntaxre992t;p0p100;1944;297295.0;992;t
US-RI;ntaxre992t;p0p100;1945;315963.0;992;t
US-RI;ntaxre992t;p0p100;1946;339076.0;992;t
US-RI;ntaxre992t;p0p100;1947;342760.0;992;t
US-RI;ntaxre992t;p0p100;1948;331699.0;992;t
US-RI;ntaxre992t;p0p100;1949;321008.0;992;t
US-RI;ntaxre992t;p0p100;1950;327753.0;992;t
US-RI;ntaxre992t;p0p100;1951;335221.0;992;t
US-RI;ntaxre992t;p0p100;1952;331571.0;992;t
US-RI;ntaxre992t;p0p100;1953;333802.0;992;t
US-RI;ntaxre992t;p0p100;1954;317935.0;992;t
US-RI;ntaxre992t;p0p100;1955;329620.0;992;t
US-RI;ntaxre992t;p0p100;1956;325855.0;992;t
US-RI;ntaxre992t;p0p100;1957;320589.0;992;t
US-RI;ntaxre992t;p0p100;1958;314252.0;992;t
US-RI;ntaxre992t;p0p100;1959;319288.0;992;t
US-RI;ntaxre992t;p0p100;1960;320893.0;992;t
US-RI;ntaxre992t;p0p100;1961;321796.0;992;t
US-RI;ntaxre992t;p0p100;1962;326278.0;992;t
US-RI;ntaxre992t;p0p100;1963;326929.0;992;t
US-RI;ntaxre992t;p0p100;1964;331450.0;992;t
US-RI;ntaxre992t;p0p100;1965;343725.0;992;t
US-RI;ntaxre992t;p0p100;1966;354224.0;992;t
US-RI;ntaxre992t;p0p100;1967;362312.0;992;t
US-RI;ntaxre992t;p0p100;1968;382117.0;992;t
US-RI;ntaxre992t;p0p100;1969;367882.0;992;t
US-RI;ntaxre992t;p0p100;1970;361944.0;992;t
US-RI;ntaxre992t;p0p100;1971;342908.0;992;t
US-RI;ntaxre992t;p0p100;1972;359083.0;992;t
US-RI;ntaxre992t;p0p100;1973;379298.0;992;t
US-RI;ntaxre992t;p0p100;1974;382178.0;992;t
US-RI;ntaxre992t;p0p100;1975;370662.0;992;t
US-RI;ntaxre992t;p0p100;1976;385429.0;992;t
US-RI;ntaxre992t;p0p100;1977;398971.0;992;t
US-RI;ntaxre992t;p0p100;1978;396358.0;992;t
US-RI;ntaxre992t;p0p100;1979;401459.0;992;t
US-RI;ntaxre992t;p0p100;1980;406989.0;992;t
US-RI;ntaxre992t;p0p100;1981;410136.0;992;t
US-RI;ntaxre992t;p0p100;1982;400214.0;992;t
US-RI;ntaxre992t;p0p100;1983;416984.0;992;t
US-RI;ntaxre992t;p0p100;1984;429433.0;992;t
US-RI;ntaxre992t;p0p100;1985;437677.0;992;t
US-RI;ntaxre992t;p0p100;1986;447240.0;992;t
US-RI;ntaxre992t;p0p100;1987;462777.0;992;t
US-RI;ntaxre992t;p0p100;1988;473107.0;992;t
US-RI;ntaxre992t;p0p100;1989;476028.0;992;t
US-RI;ntaxre992t;p0p100;1990;468677.0;992;t
US-RI;ntaxre992t;p0p100;1991;458409.0;992;t
US-RI;ntaxre992t;p0p100;1992;449729.0;992;t
US-RI;ntaxre992t;p0p100;1993;446625.0;992;t
US-RI;ntaxre992t;p0p100;1994;448516.0;992;t
US-RI;ntaxre992t;p0p100;1995;451959.0;992;t
US-RI;ntaxre992t;p0p100;1996;455645.0;992;t
US-RI;ntaxre992t;p0p100;1997;463759.0;992;t
US-RI;ntaxre992t;p0p100;1998;472064.0;992;t
US-RI;ntaxre992t;p0p100;1999;481564.0;992;t
US-RI;ntaxre992t;p0p100;2000;494475.0;992;t
US-RI;ntaxre992t;p0p100;2001;495959.0;992;t
US-RI;ntaxre992t;p0p100;2002;498227.0;992;t
US-RI;ntaxre992t;p0p100;2003;498063.0;992;t
US-RI;ntaxre992t;p0p100;2004;500314.0;992;t
US-RI;ntaxre992t;p0p100;2005;502440.0;992;t
US-RI;ntaxre992t;p0p100;2006;516906.0;992;t
US-RI;ntaxre992t;p0p100;2007;568249.0;992;t
US-RI;ntaxre992t;p0p100;2008;510709.0;992;t
US-RI;ntaxre992t;p0p100;2009;501586.0;992;t
US-RI;ntaxre992t;p0p100;2010;509091.0;992;t
US-RI;ntaxre992t;p0p100;2011;513134.0;992;t
US-RI;ntaxre992t;p0p100;2012;512930.0;992;t
US-RI;ntaxre992t;p0p100;2013;517840.0;992;t
US-RI;ntaxre992t;p0p100;2014;521890.0;992;t
US-RI;ntaxre992t;p0p100;2015;527510.0;992;t
US-RI;ntaxre992t;p0p100;2016;529380.0;992;t
US-RI;ntaxre992t;p0p100;2017;536640.0;992;t
US-RI;ntaxre992t;p0p100;2018;541700.0;992;t
US-RI;afiinc992t;p99p100;1917;470288.8;992;t
US-RI;afiinc992t;p99p100;1918;404451.3;992;t
US-RI;afiinc992t;p99p100;1919;350441.2;992;t
US-RI;afiinc992t;p99p100;1920;311739.3;992;t
US-RI;afiinc992t;p99p100;1921;313412.2;992;t
US-RI;afiinc992t;p99p100;1922;367055.9;992;t
US-RI;afiinc992t;p99p100;1923;348494.0;992;t
US-RI;afiinc992t;p99p100;1924;382887.2;992;t
US-RI;afiinc992t;p99p100;1925;428662.2;992;t
US-RI;afiinc992t;p99p100;1926;412348.8;992;t
US-RI;afiinc992t;p99p100;1927;445790.0;992;t
US-RI;afiinc992t;p99p100;1928;520608.9;992;t
US-RI;afiinc992t;p99p100;1929;538078.3;992;t
US-RI;afiinc992t;p99p100;1930;370346.9;992;t
US-RI;afiinc992t;p99p100;1931;318358.0;992;t
US-RI;afiinc992t;p99p100;1932;286717.1;992;t
US-RI;afiinc992t;p99p100;1933;274173.6;992;t
US-RI;afiinc992t;p99p100;1934;294509.8;992;t
US-RI;afiinc992t;p99p100;1935;315382.8;992;t
US-RI;afiinc992t;p99p100;1936;399304.4;992;t
US-RI;afiinc992t;p99p100;1937;359246.5;992;t
US-RI;afiinc992t;p99p100;1938;261465.8;992;t
US-RI;afiinc992t;p99p100;1939;317389.3;992;t
US-RI;afiinc992t;p99p100;1940;339196.9;992;t
US-RI;afiinc992t;p99p100;1941;373210.4;992;t
US-RI;afiinc992t;p99p100;1942;364085.7;992;t
US-RI;afiinc992t;p99p100;1943;372223.4;992;t
US-RI;afiinc992t;p99p100;1944;339055.6;992;t
US-RI;afiinc992t;p99p100;1945;378820.2;992;t
US-RI;afiinc992t;p99p100;1946;383417.0;992;t
US-RI;afiinc992t;p99p100;1947;331306.6;992;t
US-RI;afiinc992t;p99p100;1948;338191.6;992;t
US-RI;afiinc992t;p99p100;1949;301706.1;992;t
US-RI;afiinc992t;p99p100;1950;366459.2;992;t
US-RI;afiinc992t;p99p100;1951;372450.6;992;t
US-RI;afiinc992t;p99p100;1952;309012.6;992;t
US-RI;afiinc992t;p99p100;1953;298016.5;992;t
US-RI;afiinc992t;p99p100;1954;315000.1;992;t
US-RI;afiinc992t;p99p100;1955;423299.7;992;t
US-RI;afiinc992t;p99p100;1956;322363.8;992;t
US-RI;afiinc992t;p99p100;1957;313897.4;992;t
US-RI;afiinc992t;p99p100;1958;323909.2;992;t
US-RI;afiinc992t;p99p100;1959;312290.7;992;t
US-RI;afiinc992t;p99p100;1960;303645.0;992;t
US-RI;afiinc992t;p99p100;1961;337474.1;992;t
US-RI;afiinc992t;p99p100;1962;331013.7;992;t
US-RI;afiinc992t;p99p100;1963;340749.8;992;t
US-RI;afiinc992t;p99p100;1964;369082.6;992;t
US-RI;afiinc992t;p99p100;1965;407137.9;992;t
US-RI;afiinc992t;p99p100;1966;408852.9;992;t
US-RI;afiinc992t;p99p100;1967;460562.3;992;t
US-RI;afiinc992t;p99p100;1968;479262.8;992;t
US-RI;afiinc992t;p99p100;1969;417008.9;992;t
US-RI;afiinc992t;p99p100;1970;374896.7;992;t
US-RI;afiinc992t;p99p100;1971;379908.5;992;t
US-RI;afiinc992t;p99p100;1972;421608.4;992;t
US-RI;afiinc992t;p99p100;1973;389778.5;992;t
US-RI;afiinc992t;p99p100;1974;352800.3;992;t
US-RI;afiinc992t;p99p100;1975;341666.5;992;t
US-RI;afiinc992t;p99p100;1976;360230.1;992;t
US-RI;afiinc992t;p99p100;1977;360114.6;992;t
US-RI;afiinc992t;p99p100;1978;366878.1;992;t
US-RI;afiinc992t;p99p100;1979;404370.0;992;t
US-RI;afiinc992t;p99p100;1980;411373.6;992;t
US-RI;afiinc992t;p99p100;1981;378882.0;992;t
US-RI;afiinc992t;p99p100;1982;432771.5;992;t
US-RI;afiinc992t;p99p100;1983;432325.5;992;t
US-RI;afiinc992t;p99p100;1984;494915.3;992;t
US-RI;afiinc992t;p99p100;1985;538529.6;992;t
US-RI;afiinc992t;p99p100;1986;808226.7;992;t
US-RI;afiinc992t;p99p100;1987;601145.6;992;t
US-RI;afiinc992t;p99p100;1988;775952.1;992;t
US-RI;afiinc992t;p99p100;1989;686432.5;992;t
US-RI;afiinc992t;p99p100;1990;635051.0;992;t
US-RI;afiinc992t;p99p100;1991;599662.6;992;t
US-RI;afiinc992t;p99p100;1992;627127.1;992;t
US-RI;afiinc992t;p99p100;1993;595730.5;992;t
US-RI;afiinc992t;p99p100;1994;603116.0;992;t
US-RI;afiinc992t;p99p100;1995;686707.8;992;t
US-RI;afiinc992t;p99p100;1996;721651.3;992;t
US-RI;afiinc992t;p99p100;1997;895011.4;992;t
US-RI;afiinc992t;p99p100;1998;979299.9;992;t
US-RI;afiinc992t;p99p100;1999;1013400.0;992;t
US-RI;afiinc992t;p99p100;2000;1134378.7;992;t
US-RI;afiinc992t;p99p100;2001;964225.2;992;t
US-RI;afiinc992t;p99p100;2002;831649.4;992;t
US-RI;afiinc992t;p99p100;2003;877754.9;992;t
US-RI;afiinc992t;p99p100;2004;1037035.1;992;t
US-RI;afiinc992t;p99p100;2005;1082833.1;992;t
US-RI;afiinc992t;p99p100;2006;1193857.1;992;t
US-RI;afiinc992t;p99p100;2007;1315060.3;992;t
US-RI;afiinc992t;p99p100;2008;1024169.7;992;t
US-RI;afiinc992t;p99p100;2009;836908.0;992;t
US-RI;afiinc992t;p99p100;2010;936241.3;992;t
US-RI;afiinc992t;p99p100;2011;982856.1;992;t
US-RI;afiinc992t;p99p100;2012;1095610.9;992;t
US-RI;afiinc992t;p99p100;2013;965692.4;992;t
US-RI;afiinc992t;p99p100;2014;1130442.0;992;t
US-RI;afiinc992t;p99p100;2015;1032374.1;992;t
US-RI;afiinc992t;p99p100;2016;1029796.1;992;t
US-RI;afiinc992t;p99p100;2017;1098382.8;992;t
US-RI;afiinc992t;p99p100;2018;1113539.7;992;t
US-RI;sptinc992t;p95p99;1917;0.1187;992;t
US-RI;sptinc992t;p95p99;1918;0.1237;992;t
US-RI;sptinc992t;p95p99;1919;0.1218;992;t
US-RI;sptinc992t;p95p99;1920;0.1151;992;t
US-RI;sptinc992t;p95p99;1921;0.1302;992;t
US-RI;sptinc992t;p95p99;1922;0.1298;992;t
US-RI;sptinc992t;p95p99;1923;0.1261;992;t
US-RI;sptinc992t;p95p99;1924;0.1267;992;t
US-RI;sptinc992t;p95p99;1925;0.1285;992;t
US-RI;sptinc992t;p95p99;1926;0.1321;992;t
US-RI;sptinc992t;p95p99;1927;0.1329;992;t
US-RI;sptinc992t;p95p99;1928;0.1354;992;t
US-RI;sptinc992t;p95p99;1929;0.1362;992;t
US-RI;sptinc992t;p95p99;1930;0.143;992;t
US-RI;sptinc992t;p95p99;1931;0.1519;992;t
US-RI;sptinc992t;p95p99;1932;0.1497;992;t
US-RI;sptinc992t;p95p99;1933;0.1396;992;t
US-RI;sptinc992t;p95p99;1934;0.1522;992;t
US-RI;sptinc992t;p95p99;1935;0.135;992;t
US-RI;sptinc992t;p95p99;1936;0.1336;992;t
US-RI;sptinc992t;p95p99;1937;0.134;992;t
US-RI;sptinc992t;p95p99;1938;0.1301;992;t
US-RI;sptinc992t;p95p99;1939;0.1341;992;t
US-RI;sptinc992t;p95p99;1940;0.1346;992;t
US-RI;sptinc992t;p95p99;1941;0.1148;992;t
US-RI;sptinc992t;p95p99;1942;0.1011;992;t
US-RI;sptinc992t;p95p99;1943;0.0929;992;t
US-RI;sptinc992t;p95p99;1944;0.0926;992;t
US-RI;sptinc992t;p95p99;1945;0.1027;992;t
US-RI;sptinc992t;p95p99;1946;0.1191;992;t
US-RI;sptinc992t;p95p99;1947;0.1154;992;t
US-RI;sptinc992t;p95p99;1948;0.1264;992;t
US-RI;sptinc992t;p95p99;1949;0.1226;992;t
US-RI;sptinc992t;p95p99;1950;0.1162;992;t
US-RI;sptinc992t;p95p99;1951;0.1146;992;t
US-RI;sptinc992t;p95p99;1952;0.1152;992;t
US-RI;sptinc992t;p95p99;1953;0.1116;992;t
US-RI;sptinc992t;p95p99;1954;0.111;992;t
US-RI;sptinc992t;p95p99;1955;0.1155;992;t
US-RI;sptinc992t;p95p99;1956;0.1159;992;t
US-RI;sptinc992t;p95p99;1957;0.1029;992;t
US-RI;sptinc992t;p95p99;1958;0.1155;992;t
US-RI;sptinc992t;p95p99;1959;0.1131;992;t
US-RI;sptinc992t;p95p99;1960;0.12;992;t
US-RI;sptinc992t;p95p99;1961;0.1242;992;t
US-RI;sptinc992t;p95p99;1962;0.1157;992;t
US-RI;sptinc992t;p95p99;1963;0.1173;992;t
US-RI;sptinc992t;p95p99;1964;0.1343;992;t
US-RI;sptinc992t;p95p99;1965;0.1186;992;t
US-RI;sptinc992t;p95p99;1966;0.1149;992;t
US-RI;sptinc992t;p95p99;1967;0.1184;992;t
US-RI;sptinc992t;p95p99;1968;0.1194;992;t
US-RI;sptinc992t;p95p99;1969;0.1195;992;t
US-RI;sptinc992t;p95p99;1970;0.1145;992;t
US-RI;sptinc992t;p95p99;1971;0.1197;992;t
US-RI;sptinc992t;p95p99;1972;0.116;992;t
US-RI;sptinc992t;p95p99;1973;0.1311;992;t
US-RI;sptinc992t;p95p99;1974;0.1309;992;t
US-RI;sptinc992t;p95p99;1975;0.1355;992;t
US-RI;sptinc992t;p95p99;1976;0.1281;992;t
US-RI;sptinc992t;p95p99;1977;0.1286;992;t
US-RI;sptinc992t;p95p99;1978;0.1353;992;t
US-RI;sptinc992t;p95p99;1979;0.1379;992;t
US-RI;sptinc992t;p95p99;1980;0.131;992;t
US-RI;sptinc992t;p95p99;1981;0.1266;992;t
US-RI;sptinc992t;p95p99;1982;0.128;992;t
US-RI;sptinc992t;p95p99;1983;0.1256;992;t
US-RI;sptinc992t;p95p99;1984;0.1263;992;t
US-RI;sptinc992t;p95p99;1985;0.1265;992;t
US-RI;sptinc992t;p95p99;1986;0.1324;992;t
US-RI;sptinc992t;p95p99;1987;0.1369;992;t
US-RI;sptinc992t;p95p99;1988;0.1358;992;t
US-RI;sptinc992t;p95p99;1989;0.1344;992;t
US-RI;sptinc992t;p95p99;1990;0.1364;992;t
US-RI;sptinc992t;p95p99;1991;0.1441;992;t
US-RI;sptinc992t;p95p99;1992;0.1436;992;t
US-RI;sptinc992t;p95p99;1993;0.1458;992;t
US-RI;sptinc992t;p95p99;1994;0.1454;992;t
US-RI;sptinc992t;p95p99;1995;0.1442;992;t
US-RI;sptinc992t;p95p99;1996;0.1474;992;t
US-RI;sptinc992t;p95p99;1997;0.1495;992;t
US-RI;sptinc992t;p95p99;1998;0.1473;992;t
US-RI;sptinc992t;p95p99;1999;0.1481;992;t
US-RI;sptinc992t;p95p99;2000;0.1526;992;t
US-RI;sptinc992t;p95p99;2001;0.1497;992;t
US-RI;sptinc992t;p95p99;2002;0.153;992;t
US-RI;sptinc992t;p95p99;2003;0.1512;992;t
US-RI;sptinc992t;p95p99;2004;0.1475;992;t
US-RI;sptinc992t;p95p99;2005;0.1497;992;t
US-RI;sptinc992t;p95p99;2006;0.1466;992;t
US-RI;sptinc992t;p95p99;2007;0.1456;992;t
US-RI;sptinc992t;p95p99;2008;0.1493;992;t
US-RI;sptinc992t;p95p99;2009;0.1551;992;t
US-RI;sptinc992t;p95p99;2010;0.1532;992;t
US-RI;sptinc992t;p95p99;2011;0.1569;992;t
US-RI;sptinc992t;p95p99;2012;0.1527;992;t
US-RI;sptinc992t;p95p99;2013;0.1531;992;t
US-RI;sptinc992t;p95p99;2014;0.1582;992;t
US-RI;sptinc992t;p95p99;2015;0.16;992;t
US-RI;sptinc992t;p95p99;2016;0.1648;992;t
US-RI;sptinc992t;p95p99;2017;0.1643;992;t
US-RI;sptinc992t;p95p99;2018;0.1633;992;t
US-RI;sptinc992t;p99p100;1917;0.236;992;t
US-RI;sptinc992t;p99p100;1918;0.2163;992;t
US-RI;sptinc992t;p99p100;1919;0.1889;992;t
US-RI;sptinc992t;p99p100;1920;0.1722;992;t
US-RI;sptinc992t;p99p100;1921;0.1845;992;t
US-RI;sptinc992t;p99p100;1922;0.1894;992;t
US-RI;sptinc992t;p99p100;1923;0.1648;992;t
US-RI;sptinc992t;p99p100;1924;0.1834;992;t
US-RI;sptinc992t;p99p100;1925;0.1982;992;t
US-RI;sptinc992t;p99p100;1926;0.1918;992;t
US-RI;sptinc992t;p99p100;1927;0.2062;992;t
US-RI;sptinc992t;p99p100;1928;0.2322;992;t
US-RI;sptinc992t;p99p100;1929;0.2357;992;t
US-RI;sptinc992t;p99p100;1930;0.1833;992;t
US-RI;sptinc992t;p99p100;1931;0.1652;992;t
US-RI;sptinc992t;p99p100;1932;0.166;992;t
US-RI;sptinc992t;p99p100;1933;0.1587;992;t
US-RI;sptinc992t;p99p100;1934;0.1693;992;t
US-RI;sptinc992t;p99p100;1935;0.1712;992;t
US-RI;sptinc992t;p99p100;1936;0.1994;992;t
US-RI;sptinc992t;p99p100;1937;0.1819;992;t
US-RI;sptinc992t;p99p100;1938;0.145;992;t
US-RI;sptinc992t;p99p100;1939;0.162;992;t
US-RI;sptinc992t;p99p100;1940;0.1661;992;t
US-RI;sptinc992t;p99p100;1941;0.1495;992;t
US-RI;sptinc992t;p99p100;1942;0.1224;992;t
US-RI;sptinc992t;p99p100;1943;0.1106;992;t
US-RI;sptinc992t;p99p100;1944;0.107;992;t
US-RI;sptinc992t;p99p100;1945;0.1237;992;t
US-RI;sptinc992t;p99p100;1946;0.1364;992;t
US-RI;sptinc992t;p99p100;1947;0.1248;992;t
US-RI;sptinc992t;p99p100;1948;0.1347;992;t
US-RI;sptinc992t;p99p100;1949;0.1261;992;t
US-RI;sptinc992t;p99p100;1950;0.1379;992;t
US-RI;sptinc992t;p99p100;1951;0.1358;992;t
US-RI;sptinc992t;p99p100;1952;0.1106;992;t
US-RI;sptinc992t;p99p100;1953;0.1012;992;t
US-RI;sptinc992t;p99p100;1954;0.1083;992;t
US-RI;sptinc992t;p99p100;1955;0.1367;992;t
US-RI;sptinc992t;p99p100;1956;0.104;992;t
US-RI;sptinc992t;p99p100;1957;0.1046;992;t
US-RI;sptinc992t;p99p100;1958;0.1064;992;t
US-RI;sptinc992t;p99p100;1959;0.0962;992;t
US-RI;sptinc992t;p99p100;1960;0.0947;992;t
US-RI;sptinc992t;p99p100;1961;0.102;992;t
US-RI;sptinc992t;p99p100;1962;0.0962;992;t
US-RI;sptinc992t;p99p100;1963;0.0964;992;t
US-RI;sptinc992t;p99p100;1964;0.0993;992;t
US-RI;sptinc992t;p99p100;1965;0.1041;992;t
US-RI;sptinc992t;p99p100;1966;0.0994;992;t
US-RI;sptinc992t;p99p100;1967;0.1062;992;t
US-RI;sptinc992t;p99p100;1968;0.1059;992;t
US-RI;sptinc992t;p99p100;1969;0.0947;992;t
US-RI;sptinc992t;p99p100;1970;0.0848;992;t
US-RI;sptinc992t;p99p100;1971;0.0876;992;t
US-RI;sptinc992t;p99p100;1972;0.0943;992;t
US-RI;sptinc992t;p99p100;1973;0.0891;992;t
US-RI;sptinc992t;p99p100;1974;0.0868;992;t
US-RI;sptinc992t;p99p100;1975;0.0907;992;t
US-RI;sptinc992t;p99p100;1976;0.0917;992;t
US-RI;sptinc992t;p99p100;1977;0.0907;992;t
US-RI;sptinc992t;p99p100;1978;0.092;992;t
US-RI;sptinc992t;p99p100;1979;0.1012;992;t
US-RI;sptinc992t;p99p100;1980;0.1008;992;t
US-RI;sptinc992t;p99p100;1981;0.0948;992;t
US-RI;sptinc992t;p99p100;1982;0.11;992;t
US-RI;sptinc992t;p99p100;1983;0.1053;992;t
US-RI;sptinc992t;p99p100;1984;0.1148;992;t
US-RI;sptinc992t;p99p100;1985;0.1172;992;t
US-RI;sptinc992t;p99p100;1986;0.1608;992;t
US-RI;sptinc992t;p99p100;1987;0.1238;992;t
US-RI;sptinc992t;p99p100;1988;0.1498;992;t
US-RI;sptinc992t;p99p100;1989;0.1316;992;t
US-RI;sptinc992t;p99p100;1990;0.1274;992;t
US-RI;sptinc992t;p99p100;1991;0.1296;992;t
US-RI;sptinc992t;p99p100;1992;0.1312;992;t
US-RI;sptinc992t;p99p100;1993;0.1246;992;t
US-RI;sptinc992t;p99p100;1994;0.1242;992;t
US-RI;sptinc992t;p99p100;1995;0.1339;992;t
US-RI;sptinc992t;p99p100;1996;0.1375;992;t
US-RI;sptinc992t;p99p100;1997;0.1638;992;t
US-RI;sptinc992t;p99p100;1998;0.1647;992;t
US-RI;sptinc992t;p99p100;1999;0.1614;992;t
US-RI;sptinc992t;p99p100;2000;0.1824;992;t
US-RI;sptinc992t;p99p100;2001;0.1628;992;t
US-RI;sptinc992t;p99p100;2002;0.1447;992;t
US-RI;sptinc992t;p99p100;2003;0.1492;992;t
US-RI;sptinc992t;p99p100;2004;0.165;992;t
US-RI;sptinc992t;p99p100;2005;0.1692;992;t
US-RI;sptinc992t;p99p100;2006;0.1822;992;t
US-RI;sptinc992t;p99p100;2007;0.1942;992;t
US-RI;sptinc992t;p99p100;2008;0.1658;992;t
US-RI;sptinc992t;p99p100;2009;0.1462;992;t
US-RI;sptinc992t;p99p100;2010;0.1587;992;t
US-RI;sptinc992t;p99p100;2011;0.1705;992;t
US-RI;sptinc992t;p99p100;2012;0.1786;992;t
US-RI;sptinc992t;p99p100;2013;0.1586;992;t
US-RI;sptinc992t;p99p100;2014;0.1827;992;t
US-RI;sptinc992t;p99p100;2015;0.1654;992;t
US-RI;sptinc992t;p99p100;2016;0.1688;992;t
US-RI;sptinc992t;p99p100;2017;0.1749;992;t
US-RI;sptinc992t;p99p100;2018;0.173;992;t
US-RI;sfiinc992t;p90p95;1917;0.0958;992;t
US-RI;sfiinc992t;p90p95;1918;0.0991;992;t
US-RI;sfiinc992t;p90p95;1919;0.0884;992;t
US-RI;sfiinc992t;p90p95;1920;0.0882;992;t
US-RI;sfiinc992t;p90p95;1921;0.1004;992;t
US-RI;sfiinc992t;p90p95;1922;0.0981;992;t
US-RI;sfiinc992t;p90p95;1923;0.1032;992;t
US-RI;sfiinc992t;p90p95;1924;0.1104;992;t
US-RI;sfiinc992t;p90p95;1925;0.1201;992;t
US-RI;sfiinc992t;p90p95;1926;0.1078;992;t
US-RI;sfiinc992t;p90p95;1927;0.1029;992;t
US-RI;sfiinc992t;p90p95;1928;0.1047;992;t
US-RI;sfiinc992t;p90p95;1929;0.1089;992;t
US-RI;sfiinc992t;p90p95;1930;0.123;992;t
US-RI;sfiinc992t;p90p95;1931;0.1435;992;t
US-RI;sfiinc992t;p90p95;1932;0.1446;992;t
US-RI;sfiinc992t;p90p95;1933;0.1191;992;t
US-RI;sfiinc992t;p90p95;1934;0.1209;992;t
US-RI;sfiinc992t;p90p95;1935;0.1217;992;t
US-RI;sfiinc992t;p90p95;1936;0.1146;992;t
US-RI;sfiinc992t;p90p95;1937;0.113;992;t
US-RI;sfiinc992t;p90p95;1938;0.1158;992;t
US-RI;sfiinc992t;p90p95;1939;0.1093;992;t
US-RI;sfiinc992t;p90p95;1940;0.1053;992;t
US-RI;sfiinc992t;p90p95;1941;0.097;992;t
US-RI;sfiinc992t;p90p95;1942;0.0823;992;t
US-RI;sfiinc992t;p90p95;1943;0.0704;992;t
US-RI;sfiinc992t;p90p95;1944;0.0738;992;t
US-RI;sfiinc992t;p90p95;1945;0.0781;992;t
US-RI;sfiinc992t;p90p95;1946;0.0824;992;t
US-RI;sfiinc992t;p90p95;1947;0.0857;992;t
US-RI;sfiinc992t;p90p95;1948;0.0965;992;t
US-RI;sfiinc992t;p90p95;1949;0.0913;992;t
US-RI;sfiinc992t;p90p95;1950;0.101;992;t
US-RI;sfiinc992t;p90p95;1951;0.0971;992;t
US-RI;sfiinc992t;p90p95;1952;0.1101;992;t
US-RI;sfiinc992t;p90p95;1953;0.089;992;t
US-RI;sfiinc992t;p90p95;1954;0.0874;992;t
US-RI;sfiinc992t;p90p95;1955;0.0843;992;t
US-RI;sfiinc992t;p90p95;1956;0.0901;992;t
US-RI;sfiinc992t;p90p95;1957;0.0935;992;t
US-RI;sfiinc992t;p90p95;1958;0.0951;992;t
US-RI;sfiinc992t;p90p95;1959;0.0944;992;t
US-RI;sfiinc992t;p90p95;1960;0.0966;992;t
US-RI;sfiinc992t;p90p95;1961;0.0988;992;t
US-RI;sfiinc992t;p90p95;1962;0.097;992;t
US-RI;sfiinc992t;p90p95;1963;0.0986;992;t
US-RI;sfiinc992t;p90p95;1964;0.1008;992;t
US-RI;sfiinc992t;p90p95;1965;0.1003;992;t
US-RI;sfiinc992t;p90p95;1966;0.0915;992;t
US-RI;sfiinc992t;p90p95;1967;0.0941;992;t
US-RI;sfiinc992t;p90p95;1968;0.0948;992;t
US-RI;sfiinc992t;p90p95;1969;0.0989;992;t
US-RI;sfiinc992t;p90p95;1970;0.098;992;t
US-RI;sfiinc992t;p90p95;1971;0.1039;992;t
US-RI;sfiinc992t;p90p95;1972;0.0996;992;t
US-RI;sfiinc992t;p90p95;1973;0.1085;992;t
US-RI;sfiinc992t;p90p95;1974;0.1154;992;t
US-RI;sfiinc992t;p90p95;1975;0.1159;992;t
US-RI;sfiinc992t;p90p95;1976;0.1132;992;t
US-RI;sfiinc992t;p90p95;1977;0.1124;992;t
US-RI;sfiinc992t;p90p95;1978;0.1115;992;t
US-RI;sfiinc992t;p90p95;1979;0.1171;992;t
US-RI;sfiinc992t;p90p95;1980;0.1157;992;t
US-RI;sfiinc992t;p90p95;1981;0.1268;992;t
US-RI;sfiinc992t;p90p95;1982;0.1118;992;t
US-RI;sfiinc992t;p90p95;1983;0.1104;992;t
US-RI;sfiinc992t;p90p95;1984;0.1084;992;t
US-RI;sfiinc992t;p90p95;1985;0.1084;992;t
US-RI;sfiinc992t;p90p95;1986;0.1074;992;t
US-RI;sfiinc992t;p90p95;1987;0.1159;992;t
US-RI;sfiinc992t;p90p95;1988;0.1124;992;t
US-RI;sfiinc992t;p90p95;1989;0.1124;992;t
US-RI;sfiinc992t;p90p95;1990;0.1154;992;t
US-RI;sfiinc992t;p90p95;1991;0.1244;992;t
US-RI;sfiinc992t;p90p95;1992;0.1192;992;t
US-RI;sfiinc992t;p90p95;1993;0.1192;992;t
US-RI;sfiinc992t;p90p95;1994;0.121;992;t
US-RI;sfiinc992t;p90p95;1995;0.1199;992;t
US-RI;sfiinc992t;p90p95;1996;0.1199;992;t
US-RI;sfiinc992t;p90p95;1997;0.119;992;t
US-RI;sfiinc992t;p90p95;1998;0.1153;992;t
US-RI;sfiinc992t;p90p95;1999;0.1148;992;t
US-RI;sfiinc992t;p90p95;2000;0.1174;992;t
US-RI;sfiinc992t;p90p95;2001;0.1222;992;t
US-RI;sfiinc992t;p90p95;2002;0.1234;992;t
US-RI;sfiinc992t;p90p95;2003;0.1216;992;t
US-RI;sfiinc992t;p90p95;2004;0.1183;992;t
US-RI;sfiinc992t;p90p95;2005;0.1157;992;t
US-RI;sfiinc992t;p90p95;2006;0.1177;992;t
US-RI;sfiinc992t;p90p95;2007;0.1165;992;t
US-RI;sfiinc992t;p90p95;2008;0.1247;992;t
US-RI;sfiinc992t;p90p95;2009;0.1303;992;t
US-RI;sfiinc992t;p90p95;2010;0.1278;992;t
US-RI;sfiinc992t;p90p95;2011;0.1311;992;t
US-RI;sfiinc992t;p90p95;2012;0.1237;992;t
US-RI;sfiinc992t;p90p95;2013;0.1251;992;t
US-RI;sfiinc992t;p90p95;2014;0.1263;992;t
US-RI;sfiinc992t;p90p95;2015;0.1275;992;t
US-RI;sfiinc992t;p90p95;2016;0.1301;992;t
US-RI;sfiinc992t;p90p95;2017;0.1234;992;t
US-RI;sfiinc992t;p90p95;2018;0.1229;992;t
US-RI;sptinc992t;p99.9p99.99;1917;0.0697;992;t
US-RI;sptinc992t;p99.9p99.99;1918;0.0616;992;t
US-RI;sptinc992t;p99.9p99.99;1919;0.0548;992;t
US-RI;sptinc992t;p99.9p99.99;1920;0.0464;992;t
US-RI;sptinc992t;p99.9p99.99;1921;0.0471;992;t
US-RI;sptinc992t;p99.9p99.99;1922;0.0498;992;t
US-RI;sptinc992t;p99.9p99.99;1923;0.0426;992;t
US-RI;sptinc992t;p99.9p99.99;1924;0.047;992;t
US-RI;sptinc992t;p99.9p99.99;1925;0.0543;992;t
US-RI;sptinc992t;p99.9p99.99;1926;0.0519;992;t
US-RI;sptinc992t;p99.9p99.99;1927;0.0548;992;t
US-RI;sptinc992t;p99.9p99.99;1928;0.0652;992;t
US-RI;sptinc992t;p99.9p99.99;1929;0.0666;992;t
US-RI;sptinc992t;p99.9p99.99;1930;0.0497;992;t
US-RI;sptinc992t;p99.9p99.99;1931;0.0446;992;t
US-RI;sptinc992t;p99.9p99.99;1932;0.0454;992;t
US-RI;sptinc992t;p99.9p99.99;1933;0.0437;992;t
US-RI;sptinc992t;p99.9p99.99;1934;0.043;992;t
US-RI;sptinc992t;p99.9p99.99;1935;0.0437;992;t
US-RI;sptinc992t;p99.9p99.99;1936;0.0533;992;t
US-RI;sptinc992t;p99.9p99.99;1937;0.0484;992;t
US-RI;sptinc992t;p99.9p99.99;1938;0.035;992;t
US-RI;sptinc992t;p99.9p99.99;1939;0.0412;992;t
US-RI;sptinc992t;p99.9p99.99;1940;0.0426;992;t
US-RI;sptinc992t;p99.9p99.99;1941;0.0372;992;t
US-RI;sptinc992t;p99.9p99.99;1942;0.0316;992;t
US-RI;sptinc992t;p99.9p99.99;1943;0.0288;992;t
US-RI;sptinc992t;p99.9p99.99;1944;0.0263;992;t
US-RI;sptinc992t;p99.9p99.99;1945;0.0309;992;t
US-RI;sptinc992t;p99.9p99.99;1946;0.033;992;t
US-RI;sptinc992t;p99.9p99.99;1947;0.0294;992;t
US-RI;sptinc992t;p99.9p99.99;1948;0.0321;992;t
US-RI;sptinc992t;p99.9p99.99;1949;0.0301;992;t
US-RI;sptinc992t;p99.9p99.99;1950;0.0353;992;t
US-RI;sptinc992t;p99.9p99.99;1951;0.0349;992;t
US-RI;sptinc992t;p99.9p99.99;1952;0.0247;992;t
US-RI;sptinc992t;p99.9p99.99;1953;0.0219;992;t
US-RI;sptinc992t;p99.9p99.99;1954;0.024;992;t
US-RI;sptinc992t;p99.9p99.99;1955;0.0307;992;t
US-RI;sptinc992t;p99.9p99.99;1956;0.0234;992;t
US-RI;sptinc992t;p99.9p99.99;1957;0.0219;992;t
US-RI;sptinc992t;p99.9p99.99;1958;0.021;992;t
US-RI;sptinc992t;p99.9p99.99;1959;0.0201;992;t
US-RI;sptinc992t;p99.9p99.99;1960;0.0201;992;t
US-RI;sptinc992t;p99.9p99.99;1961;0.0195;992;t
US-RI;sptinc992t;p99.9p99.99;1962;0.0191;992;t
US-RI;sptinc992t;p99.9p99.99;1963;0.0186;992;t
US-RI;sptinc992t;p99.9p99.99;1964;0.0178;992;t
US-RI;sptinc992t;p99.9p99.99;1965;0.0214;992;t
US-RI;sptinc992t;p99.9p99.99;1966;0.0208;992;t
US-RI;sptinc992t;p99.9p99.99;1967;0.0218;992;t
US-RI;sptinc992t;p99.9p99.99;1968;0.023;992;t
US-RI;sptinc992t;p99.9p99.99;1969;0.0195;992;t
US-RI;sptinc992t;p99.9p99.99;1970;0.0168;992;t
US-RI;sptinc992t;p99.9p99.99;1971;0.0167;992;t
US-RI;sptinc992t;p99.9p99.99;1972;0.0182;992;t
US-RI;sptinc992t;p99.9p99.99;1973;0.0177;992;t
US-RI;sptinc992t;p99.9p99.99;1974;0.017;992;t
US-RI;sptinc992t;p99.9p99.99;1975;0.0176;992;t
US-RI;sptinc992t;p99.9p99.99;1976;0.0182;992;t
US-RI;sptinc992t;p99.9p99.99;1977;0.0176;992;t
US-RI;sptinc992t;p99.9p99.99;1978;0.0181;992;t
US-RI;sptinc992t;p99.9p99.99;1979;0.0201;992;t
US-RI;sptinc992t;p99.9p99.99;1980;0.0204;992;t
US-RI;sptinc992t;p99.9p99.99;1981;0.0206;992;t
US-RI;sptinc992t;p99.9p99.99;1982;0.0249;992;t
US-RI;sptinc992t;p99.9p99.99;1983;0.0239;992;t
US-RI;sptinc992t;p99.9p99.99;1984;0.0272;992;t
US-RI;sptinc992t;p99.9p99.99;1985;0.0283;992;t
US-RI;sptinc992t;p99.9p99.99;1986;0.0415;992;t
US-RI;sptinc992t;p99.9p99.99;1987;0.0291;992;t
US-RI;sptinc992t;p99.9p99.99;1988;0.0378;992;t
US-RI;sptinc992t;p99.9p99.99;1989;0.0314;992;t
US-RI;sptinc992t;p99.9p99.99;1990;0.0302;992;t
US-RI;sptinc992t;p99.9p99.99;1991;0.0307;992;t
US-RI;sptinc992t;p99.9p99.99;1992;0.031;992;t
US-RI;sptinc992t;p99.9p99.99;1993;0.0287;992;t
US-RI;sptinc992t;p99.9p99.99;1994;0.0285;992;t
US-RI;sptinc992t;p99.9p99.99;1995;0.032;992;t
US-RI;sptinc992t;p99.9p99.99;1996;0.033;992;t
US-RI;sptinc992t;p99.9p99.99;1997;0.0421;992;t
US-RI;sptinc992t;p99.9p99.99;1998;0.0431;992;t
US-RI;sptinc992t;p99.9p99.99;1999;0.0426;992;t
US-RI;sptinc992t;p99.9p99.99;2000;0.0485;992;t
US-RI;sptinc992t;p99.9p99.99;2001;0.04;992;t
US-RI;sptinc992t;p99.9p99.99;2002;0.0346;992;t
US-RI;sptinc992t;p99.9p99.99;2003;0.0359;992;t
US-RI;sptinc992t;p99.9p99.99;2004;0.0416;992;t
US-RI;sptinc992t;p99.9p99.99;2005;0.0434;992;t
US-RI;sptinc992t;p99.9p99.99;2006;0.0476;992;t
US-RI;sptinc992t;p99.9p99.99;2007;0.0505;992;t
US-RI;sptinc992t;p99.9p99.99;2008;0.0407;992;t
US-RI;sptinc992t;p99.9p99.99;2009;0.0337;992;t
US-RI;sptinc992t;p99.9p99.99;2010;0.0386;992;t
US-RI;sptinc992t;p99.9p99.99;2011;0.0416;992;t
US-RI;sptinc992t;p99.9p99.99;2012;0.0454;992;t
US-RI;sptinc992t;p99.9p99.99;2013;0.0381;992;t
US-RI;sptinc992t;p99.9p99.99;2014;0.0453;992;t
US-RI;sptinc992t;p99.9p99.99;2015;0.0413;992;t
US-RI;sptinc992t;p99.9p99.99;2016;0.0412;992;t
US-RI;sptinc992t;p99.9p99.99;2017;0.0432;992;t
US-RI;sptinc992t;p99.9p99.99;2018;0.0433;992;t
US-RI;afiinc992t;p99.9p99.99;1917;1544223.5;992;t
US-RI;afiinc992t;p99.9p99.99;1918;1279886.5;992;t
US-RI;afiinc992t;p99.9p99.99;1919;1129820.8;992;t
US-RI;afiinc992t;p99.9p99.99;1920;933479.8;992;t
US-RI;afiinc992t;p99.9p99.99;1921;889834.2;992;t
US-RI;afiinc992t;p99.9p99.99;1922;1073157.7;992;t
US-RI;afiinc992t;p99.9p99.99;1923;1000114.1;992;t
US-RI;afiinc992t;p99.9p99.99;1924;1090291.4;992;t
US-RI;afiinc992t;p99.9p99.99;1925;1304831.0;992;t
US-RI;afiinc992t;p99.9p99.99;1926;1240971.9;992;t
US-RI;afiinc992t;p99.9p99.99;1927;1316451.5;992;t
US-RI;afiinc992t;p99.9p99.99;1928;1623364.9;992;t
US-RI;afiinc992t;p99.9p99.99;1929;1690071.7;992;t
US-RI;afiinc992t;p99.9p99.99;1930;1115375.5;992;t
US-RI;afiinc992t;p99.9p99.99;1931;954775.5;992;t
US-RI;afiinc992t;p99.9p99.99;1932;871851.0;992;t
US-RI;afiinc992t;p99.9p99.99;1933;838537.1;992;t
US-RI;afiinc992t;p99.9p99.99;1934;831899.5;992;t
US-RI;afiinc992t;p99.9p99.99;1935;894058.0;992;t
US-RI;afiinc992t;p99.9p99.99;1936;1186515.2;992;t
US-RI;afiinc992t;p99.9p99.99;1937;1062123.5;992;t
US-RI;afiinc992t;p99.9p99.99;1938;700687.0;992;t
US-RI;afiinc992t;p99.9p99.99;1939;895985.2;992;t
US-RI;afiinc992t;p99.9p99.99;1940;966263.3;992;t
US-RI;afiinc992t;p99.9p99.99;1941;1030716.0;992;t
US-RI;afiinc992t;p99.9p99.99;1942;1044057.1;992;t
US-RI;afiinc992t;p99.9p99.99;1943;1076941.7;992;t
US-RI;afiinc992t;p99.9p99.99;1944;927414.6;992;t
US-RI;afiinc992t;p99.9p99.99;1945;1050915.4;992;t
US-RI;afiinc992t;p99.9p99.99;1946;1031095.8;992;t
US-RI;afiinc992t;p99.9p99.99;1947;867250.5;992;t
US-RI;afiinc992t;p99.9p99.99;1948;895255.5;992;t
US-RI;afiinc992t;p99.9p99.99;1949;800209.3;992;t
US-RI;afiinc992t;p99.9p99.99;1950;1040797.1;992;t
US-RI;afiinc992t;p99.9p99.99;1951;1064585.3;992;t
US-RI;afiinc992t;p99.9p99.99;1952;765822.5;992;t
US-RI;afiinc992t;p99.9p99.99;1953;717270.7;992;t
US-RI;afiinc992t;p99.9p99.99;1954;776284.9;992;t
US-RI;afiinc992t;p99.9p99.99;1955;1056726.6;992;t
US-RI;afiinc992t;p99.9p99.99;1956;804798.1;992;t
US-RI;afiinc992t;p99.9p99.99;1957;732177.5;992;t
US-RI;afiinc992t;p99.9p99.99;1958;711125.4;992;t
US-RI;afiinc992t;p99.9p99.99;1959;723950.2;992;t
US-RI;afiinc992t;p99.9p99.99;1960;717443.3;992;t
US-RI;afiinc992t;p99.9p99.99;1961;718481.4;992;t
US-RI;afiinc992t;p99.9p99.99;1962;728380.6;992;t
US-RI;afiinc992t;p99.9p99.99;1963;731413.6;992;t
US-RI;afiinc992t;p99.9p99.99;1964;736231.1;992;t
US-RI;afiinc992t;p99.9p99.99;1965;929907.5;992;t
US-RI;afiinc992t;p99.9p99.99;1966;950637.4;992;t
US-RI;afiinc992t;p99.9p99.99;1967;1052117.2;992;t
US-RI;afiinc992t;p99.9p99.99;1968;1159070.3;992;t
US-RI;afiinc992t;p99.9p99.99;1969;954437.0;992;t
US-RI;afiinc992t;p99.9p99.99;1970;824804.4;992;t
US-RI;afiinc992t;p99.9p99.99;1971;802727.6;992;t
US-RI;afiinc992t;p99.9p99.99;1972;904229.6;992;t
US-RI;afiinc992t;p99.9p99.99;1973;858610.4;992;t
US-RI;afiinc992t;p99.9p99.99;1974;769128.9;992;t
US-RI;afiinc992t;p99.9p99.99;1975;735079.7;992;t
US-RI;afiinc992t;p99.9p99.99;1976;795238.7;992;t
US-RI;afiinc992t;p99.9p99.99;1977;777073.4;992;t
US-RI;afiinc992t;p99.9p99.99;1978;802137.2;992;t
US-RI;afiinc992t;p99.9p99.99;1979;892501.0;992;t
US-RI;afiinc992t;p99.9p99.99;1980;927417.4;992;t
US-RI;afiinc992t;p99.9p99.99;1981;914971.4;992;t
US-RI;afiinc992t;p99.9p99.99;1982;1087684.5;992;t
US-RI;afiinc992t;p99.9p99.99;1983;1092417.6;992;t
US-RI;afiinc992t;p99.9p99.99;1984;1302510.2;992;t
US-RI;afiinc992t;p99.9p99.99;1985;1441861.8;992;t
US-RI;afiinc992t;p99.9p99.99;1986;2317858.5;992;t
US-RI;afiinc992t;p99.9p99.99;1987;1571017.4;992;t
US-RI;afiinc992t;p99.9p99.99;1988;2173283.3;992;t
US-RI;afiinc992t;p99.9p99.99;1989;1822513.2;992;t
US-RI;afiinc992t;p99.9p99.99;1990;1670317.3;992;t
US-RI;afiinc992t;p99.9p99.99;1991;1577472.5;992;t
US-RI;afiinc992t;p99.9p99.99;1992;1646273.4;992;t
US-RI;afiinc992t;p99.9p99.99;1993;1525577.8;992;t
US-RI;afiinc992t;p99.9p99.99;1994;1534854.3;992;t
US-RI;afiinc992t;p99.9p99.99;1995;1825245.1;992;t
US-RI;afiinc992t;p99.9p99.99;1996;1922015.0;992;t
US-RI;afiinc992t;p99.9p99.99;1997;2557966.5;992;t
US-RI;afiinc992t;p99.9p99.99;1998;2849559.6;992;t
US-RI;afiinc992t;p99.9p99.99;1999;2971895.4;992;t
US-RI;afiinc992t;p99.9p99.99;2000;3352627.4;992;t
US-RI;afiinc992t;p99.9p99.99;2001;2630476.3;992;t
US-RI;afiinc992t;p99.9p99.99;2002;2210222.3;992;t
US-RI;afiinc992t;p99.9p99.99;2003;2346675.2;992;t
US-RI;afiinc992t;p99.9p99.99;2004;2904330.1;992;t
US-RI;afiinc992t;p99.9p99.99;2005;3086111.1;992;t
US-RI;afiinc992t;p99.9p99.99;2006;3467156.9;992;t
US-RI;afiinc992t;p99.9p99.99;2007;3801813.8;992;t
US-RI;afiinc992t;p99.9p99.99;2008;2793555.8;992;t
US-RI;afiinc992t;p99.9p99.99;2009;2142995.5;992;t
US-RI;afiinc992t;p99.9p99.99;2010;2526354.4;992;t
US-RI;afiinc992t;p99.9p99.99;2011;2665868.7;992;t
US-RI;afiinc992t;p99.9p99.99;2012;3095975.1;992;t
US-RI;afiinc992t;p99.9p99.99;2013;2580067.8;992;t
US-RI;afiinc992t;p99.9p99.99;2014;3114758.1;992;t
US-RI;afiinc992t;p99.9p99.99;2015;2862169.3;992;t
US-RI;afiinc992t;p99.9p99.99;2016;2795494.7;992;t
US-RI;afiinc992t;p99.9p99.99;2017;3010582.7;992;t
US-RI;afiinc992t;p99.9p99.99;2018;3093315.8;992;t
US-RI;afiinc992t;p99.9p100;1917;2454500.9;992;t
US-RI;afiinc992t;p99.9p100;1918;1861910.8;992;t
US-RI;afiinc992t;p99.9p100;1919;1476222.7;992;t
US-RI;afiinc992t;p99.9p100;1920;1234733.8;992;t
US-RI;afiinc992t;p99.9p100;1921;1222662.7;992;t
US-RI;afiinc992t;p99.9p100;1922;1443021.3;992;t
US-RI;afiinc992t;p99.9p100;1923;1292153.0;992;t
US-RI;afiinc992t;p99.9p100;1924;1486852.6;992;t
US-RI;afiinc992t;p99.9p100;1925;1784368.3;992;t
US-RI;afiinc992t;p99.9p100;1926;1612895.3;992;t
US-RI;afiinc992t;p99.9p100;1927;1758819.6;992;t
US-RI;afiinc992t;p99.9p100;1928;2206051.2;992;t
US-RI;afiinc992t;p99.9p100;1929;2354217.7;992;t
US-RI;afiinc992t;p99.9p100;1930;1463136.9;992;t
US-RI;afiinc992t;p99.9p100;1931;1245604.4;992;t
US-RI;afiinc992t;p99.9p100;1932;1144892.1;992;t
US-RI;afiinc992t;p99.9p100;1933;1059359.3;992;t
US-RI;afiinc992t;p99.9p100;1934;1134565.0;992;t
US-RI;afiinc992t;p99.9p100;1935;1209636.0;992;t
US-RI;afiinc992t;p99.9p100;1936;1550745.4;992;t
US-RI;afiinc992t;p99.9p100;1937;1371250.0;992;t
US-RI;afiinc992t;p99.9p100;1938;930360.0;992;t
US-RI;afiinc992t;p99.9p100;1939;1161295.6;992;t
US-RI;afiinc992t;p99.9p100;1940;1273431.9;992;t
US-RI;afiinc992t;p99.9p100;1941;1395541.9;992;t
US-RI;afiinc992t;p99.9p100;1942;1249493.7;992;t
US-RI;afiinc992t;p99.9p100;1943;1287121.7;992;t
US-RI;afiinc992t;p99.9p100;1944;1132845.2;992;t
US-RI;afiinc992t;p99.9p100;1945;1270244.7;992;t
US-RI;afiinc992t;p99.9p100;1946;1323335.2;992;t
US-RI;afiinc992t;p99.9p100;1947;1217122.9;992;t
US-RI;afiinc992t;p99.9p100;1948;1211817.5;992;t
US-RI;afiinc992t;p99.9p100;1949;1028240.9;992;t
US-RI;afiinc992t;p99.9p100;1950;1323534.7;992;t
US-RI;afiinc992t;p99.9p100;1951;1390115.7;992;t
US-RI;afiinc992t;p99.9p100;1952;1043783.3;992;t
US-RI;afiinc992t;p99.9p100;1953;973769.7;992;t
US-RI;afiinc992t;p99.9p100;1954;1083000.8;992;t
US-RI;afiinc992t;p99.9p100;1955;1352166.6;992;t
US-RI;afiinc992t;p99.9p100;1956;1113367.0;992;t
US-RI;afiinc992t;p99.9p100;1957;1060045.8;992;t
US-RI;afiinc992t;p99.9p100;1958;1159093.7;992;t
US-RI;afiinc992t;p99.9p100;1959;1136565.5;992;t
US-RI;afiinc992t;p99.9p100;1960;1058090.6;992;t
US-RI;afiinc992t;p99.9p100;1961;1078163.2;992;t
US-RI;afiinc992t;p99.9p100;1962;1049955.3;992;t
US-RI;afiinc992t;p99.9p100;1963;973960.4;992;t
US-RI;afiinc992t;p99.9p100;1964;1472765.6;992;t
US-RI;afiinc992t;p99.9p100;1965;1319756.1;992;t
US-RI;afiinc992t;p99.9p100;1966;1391334.2;992;t
US-RI;afiinc992t;p99.9p100;1967;1542191.2;992;t
US-RI;afiinc992t;p99.9p100;1968;1647418.6;992;t
US-RI;afiinc992t;p99.9p100;1969;1439858.8;992;t
US-RI;afiinc992t;p99.9p100;1970;1071856.9;992;t
US-RI;afiinc992t;p99.9p100;1971;1123179.2;992;t
US-RI;afiinc992t;p99.9p100;1972;1544066.2;992;t
US-RI;afiinc992t;p99.9p100;1973;1118671.2;992;t
US-RI;afiinc992t;p99.9p100;1974;1003083.5;992;t
US-RI;afiinc992t;p99.9p100;1975;922623.2;992;t
US-RI;afiinc992t;p99.9p100;1976;983172.9;992;t
US-RI;afiinc992t;p99.9p100;1977;1042288.3;992;t
US-RI;afiinc992t;p99.9p100;1978;1039457.6;992;t
US-RI;afiinc992t;p99.9p100;1979;1255673.3;992;t
US-RI;afiinc992t;p99.9p100;1980;1424979.2;992;t
US-RI;afiinc992t;p99.9p100;1981;1264545.5;992;t
US-RI;afiinc992t;p99.9p100;1982;1673942.3;992;t
US-RI;afiinc992t;p99.9p100;1983;1687748.0;992;t
US-RI;afiinc992t;p99.9p100;1984;2069744.3;992;t
US-RI;afiinc992t;p99.9p100;1985;2231231.3;992;t
US-RI;afiinc992t;p99.9p100;1986;3852250.3;992;t
US-RI;afiinc992t;p99.9p100;1987;2309103.7;992;t
US-RI;afiinc992t;p99.9p100;1988;3356254.4;992;t
US-RI;afiinc992t;p99.9p100;1989;2727638.6;992;t
US-RI;afiinc992t;p99.9p100;1990;2384091.1;992;t
US-RI;afiinc992t;p99.9p100;1991;2294389.4;992;t
US-RI;afiinc992t;p99.9p100;1992;2378672.5;992;t
US-RI;afiinc992t;p99.9p100;1993;2177228.6;992;t
US-RI;afiinc992t;p99.9p100;1994;2170694.3;992;t
US-RI;afiinc992t;p99.9p100;1995;2605779.7;992;t
US-RI;afiinc992t;p99.9p100;1996;2758957.7;992;t
US-RI;afiinc992t;p99.9p100;1997;3971768.9;992;t
US-RI;afiinc992t;p99.9p100;1998;4358748.4;992;t
US-RI;afiinc992t;p99.9p100;1999;4362556.5;992;t
US-RI;afiinc992t;p99.9p100;2000;5537156.0;992;t
US-RI;afiinc992t;p99.9p100;2001;4338423.5;992;t
US-RI;afiinc992t;p99.9p100;2002;3258622.9;992;t
US-RI;afiinc992t;p99.9p100;2003;3560905.8;992;t
US-RI;afiinc992t;p99.9p100;2004;4502643.1;992;t
US-RI;afiinc992t;p99.9p100;2005;4646369.3;992;t
US-RI;afiinc992t;p99.9p100;2006;5394000.7;992;t
US-RI;afiinc992t;p99.9p100;2007;6253108.4;992;t
US-RI;afiinc992t;p99.9p100;2008;4468669.3;992;t
US-RI;afiinc992t;p99.9p100;2009;3361732.6;992;t
US-RI;afiinc992t;p99.9p100;2010;4214259.8;992;t
US-RI;afiinc992t;p99.9p100;2011;4655103.4;992;t
US-RI;afiinc992t;p99.9p100;2012;5267523.6;992;t
US-RI;afiinc992t;p99.9p100;2013;4162439.4;992;t
US-RI;afiinc992t;p99.9p100;2014;5431324.3;992;t
US-RI;afiinc992t;p99.9p100;2015;4442374.9;992;t
US-RI;afiinc992t;p99.9p100;2016;4418858.7;992;t
US-RI;afiinc992t;p99.9p100;2017;4834879.8;992;t
US-RI;afiinc992t;p99.9p100;2018;4900856.3;992;t
US-RI;sptinc992t;p0p90;1917;0.5494;992;t
US-RI;sptinc992t;p0p90;1918;0.5609;992;t
US-RI;sptinc992t;p0p90;1919;0.6008;992;t
US-RI;sptinc992t;p0p90;1920;0.6245;992;t
US-RI;sptinc992t;p0p90;1921;0.5849;992;t
US-RI;sptinc992t;p0p90;1922;0.5826;992;t
US-RI;sptinc992t;p0p90;1923;0.6059;992;t
US-RI;sptinc992t;p0p90;1924;0.5796;992;t
US-RI;sptinc992t;p0p90;1925;0.5532;992;t
US-RI;sptinc992t;p0p90;1926;0.5684;992;t
US-RI;sptinc992t;p0p90;1927;0.5581;992;t
US-RI;sptinc992t;p0p90;1928;0.5277;992;t
US-RI;sptinc992t;p0p90;1929;0.5192;992;t
US-RI;sptinc992t;p0p90;1930;0.5507;992;t
US-RI;sptinc992t;p0p90;1931;0.5394;992;t
US-RI;sptinc992t;p0p90;1932;0.5397;992;t
US-RI;sptinc992t;p0p90;1933;0.5826;992;t
US-RI;sptinc992t;p0p90;1934;0.5576;992;t
US-RI;sptinc992t;p0p90;1935;0.5721;992;t
US-RI;sptinc992t;p0p90;1936;0.5524;992;t
US-RI;sptinc992t;p0p90;1937;0.5711;992;t
US-RI;sptinc992t;p0p90;1938;0.6093;992;t
US-RI;sptinc992t;p0p90;1939;0.5945;992;t
US-RI;sptinc992t;p0p90;1940;0.5941;992;t
US-RI;sptinc992t;p0p90;1941;0.6387;992;t
US-RI;sptinc992t;p0p90;1942;0.6942;992;t
US-RI;sptinc992t;p0p90;1943;0.726;992;t
US-RI;sptinc992t;p0p90;1944;0.7266;992;t
US-RI;sptinc992t;p0p90;1945;0.6954;992;t
US-RI;sptinc992t;p0p90;1946;0.6621;992;t
US-RI;sptinc992t;p0p90;1947;0.6741;992;t
US-RI;sptinc992t;p0p90;1948;0.6424;992;t
US-RI;sptinc992t;p0p90;1949;0.66;992;t
US-RI;sptinc992t;p0p90;1950;0.6451;992;t
US-RI;sptinc992t;p0p90;1952;0.6642;992;t
US-RI;sptinc992t;p0p90;1953;0.6983;992;t
US-RI;sptinc992t;p0p90;1954;0.6933;992;t
US-RI;sptinc992t;p0p90;1955;0.6634;992;t
US-RI;sptinc992t;p0p90;1956;0.69;992;t
US-RI;sptinc992t;p0p90;1957;0.699;992;t
US-RI;sptinc992t;p0p90;1958;0.683;992;t
US-RI;sptinc992t;p0p90;1959;0.6963;992;t
US-RI;sptinc992t;p0p90;1960;0.6888;992;t
US-RI;sptinc992t;p0p90;1961;0.675;992;t
US-RI;sptinc992t;p0p90;1962;0.6911;992;t
US-RI;sptinc992t;p0p90;1963;0.6877;992;t
US-RI;sptinc992t;p0p90;1964;0.6654;992;t
US-RI;sptinc992t;p0p90;1965;0.677;992;t
US-RI;sptinc992t;p0p90;1966;0.6942;992;t
US-RI;sptinc992t;p0p90;1967;0.6813;992;t
US-RI;sptinc992t;p0p90;1968;0.6799;992;t
US-RI;sptinc992t;p0p90;1969;0.6869;992;t
US-RI;sptinc992t;p0p90;1970;0.7027;992;t
US-RI;sptinc992t;p0p90;1971;0.6888;992;t
US-RI;sptinc992t;p0p90;1972;0.69;992;t
US-RI;sptinc992t;p0p90;1973;0.6713;992;t
US-RI;sptinc992t;p0p90;1974;0.6672;992;t
US-RI;sptinc992t;p0p90;1975;0.658;992;t
US-RI;sptinc992t;p0p90;1976;0.6671;992;t
US-RI;sptinc992t;p0p90;1977;0.6683;992;t
US-RI;sptinc992t;p0p90;1978;0.6612;992;t
US-RI;sptinc992t;p0p90;1979;0.6438;992;t
US-RI;sptinc992t;p0p90;1980;0.6525;992;t
US-RI;sptinc992t;p0p90;1981;0.652;992;t
US-RI;sptinc992t;p0p90;1982;0.6503;992;t
US-RI;sptinc992t;p0p90;1983;0.6586;992;t
US-RI;sptinc992t;p0p90;1984;0.6501;992;t
US-RI;sptinc992t;p0p90;1985;0.6484;992;t
US-RI;sptinc992t;p0p90;1986;0.5982;992;t
US-RI;sptinc992t;p0p90;1987;0.6236;992;t
US-RI;sptinc992t;p0p90;1988;0.6025;992;t
US-RI;sptinc992t;p0p90;1989;0.6228;992;t
US-RI;sptinc992t;p0p90;1990;0.6208;992;t
US-RI;sptinc992t;p0p90;1991;0.6019;992;t
US-RI;sptinc992t;p0p90;1992;0.6061;992;t
US-RI;sptinc992t;p0p90;1993;0.6108;992;t
US-RI;sptinc992t;p0p90;1994;0.6098;992;t
US-RI;sptinc992t;p0p90;1995;0.6021;992;t
US-RI;sptinc992t;p0p90;1996;0.5956;992;t
US-RI;sptinc992t;p0p90;1997;0.5677;992;t
US-RI;sptinc992t;p0p90;1998;0.5726;992;t
US-RI;sptinc992t;p0p90;1999;0.5754;992;t
US-RI;sptinc992t;p0p90;2000;0.5477;992;t
US-RI;sptinc992t;p0p90;2001;0.5653;992;t
US-RI;sptinc992t;p0p90;2002;0.58;992;t
US-RI;sptinc992t;p0p90;2003;0.5794;992;t
US-RI;sptinc992t;p0p90;2004;0.5707;992;t
US-RI;sptinc992t;p0p90;2005;0.5676;992;t
US-RI;sptinc992t;p0p90;2006;0.5555;992;t
US-RI;sptinc992t;p0p90;2007;0.5463;992;t
US-RI;sptinc992t;p0p90;2008;0.5636;992;t
US-RI;sptinc992t;p0p90;2009;0.571;992;t
US-RI;sptinc992t;p0p90;2010;0.5603;992;t
US-RI;sptinc992t;p0p90;2011;0.5415;992;t
US-RI;sptinc992t;p0p90;2012;0.5448;992;t
US-RI;sptinc992t;p0p90;2013;0.5631;992;t
US-RI;sptinc992t;p0p90;2014;0.5328;992;t
US-RI;sptinc992t;p0p90;2015;0.5467;992;t
US-RI;sptinc992t;p0p90;2016;0.5361;992;t
US-RI;sptinc992t;p0p90;2017;0.537;992;t
US-RI;sptinc992t;p0p90;2018;0.5406;992;t
US-RI;sfiinc992t;p0p90;1917;0.5494;992;t
US-RI;sfiinc992t;p0p90;1918;0.5609;992;t
US-RI;sfiinc992t;p0p90;1919;0.6008;992;t
US-RI;sfiinc992t;p0p90;1920;0.6245;992;t
US-RI;sfiinc992t;p0p90;1921;0.5849;992;t
US-RI;sfiinc992t;p0p90;1922;0.5826;992;t
US-RI;sfiinc992t;p0p90;1923;0.6059;992;t
US-RI;sfiinc992t;p0p90;1924;0.5796;992;t
US-RI;sfiinc992t;p0p90;1925;0.5532;992;t
US-RI;sfiinc992t;p0p90;1926;0.5684;992;t
US-RI;sfiinc992t;p0p90;1927;0.5581;992;t
US-RI;sfiinc992t;p0p90;1928;0.5277;992;t
US-RI;sfiinc992t;p0p90;1929;0.5192;992;t
US-RI;sfiinc992t;p0p90;1930;0.5507;992;t
US-RI;sfiinc992t;p0p90;1931;0.5394;992;t
US-RI;sfiinc992t;p0p90;1932;0.5397;992;t
US-RI;sfiinc992t;p0p90;1933;0.5826;992;t
US-RI;sfiinc992t;p0p90;1934;0.5576;992;t
US-RI;sfiinc992t;p0p90;1935;0.5721;992;t
US-RI;sfiinc992t;p0p90;1936;0.5524;992;t
US-RI;sfiinc992t;p0p90;1937;0.5711;992;t
US-RI;sfiinc992t;p0p90;1938;0.6093;992;t
US-RI;sfiinc992t;p0p90;1939;0.5945;992;t
US-RI;sfiinc992t;p0p90;1940;0.5941;992;t
US-RI;sfiinc992t;p0p90;1941;0.6387;992;t
US-RI;sfiinc992t;p0p90;1942;0.6942;992;t
US-RI;sfiinc992t;p0p90;1943;0.726;992;t
US-RI;sfiinc992t;p0p90;1944;0.7266;992;t
US-RI;sfiinc992t;p0p90;1945;0.6954;992;t
US-RI;sfiinc992t;p0p90;1946;0.6621;992;t
US-RI;sfiinc992t;p0p90;1947;0.6741;992;t
US-RI;sfiinc992t;p0p90;1948;0.6424;992;t
US-RI;sfiinc992t;p0p90;1949;0.66;992;t
US-RI;sfiinc992t;p0p90;1950;0.6451;992;t
US-RI;sfiinc992t;p0p90;1952;0.6642;992;t
US-RI;sfiinc992t;p0p90;1953;0.6983;992;t
US-RI;sfiinc992t;p0p90;1954;0.6933;992;t
US-RI;sfiinc992t;p0p90;1955;0.6634;992;t
US-RI;sfiinc992t;p0p90;1956;0.69;992;t
US-RI;sfiinc992t;p0p90;1957;0.699;992;t
US-RI;sfiinc992t;p0p90;1958;0.683;992;t
US-RI;sfiinc992t;p0p90;1959;0.6963;992;t
US-RI;sfiinc992t;p0p90;1960;0.6888;992;t
US-RI;sfiinc992t;p0p90;1961;0.675;992;t
US-RI;sfiinc992t;p0p90;1962;0.6911;992;t
US-RI;sfiinc992t;p0p90;1963;0.6877;992;t
US-RI;sfiinc992t;p0p90;1964;0.6654;992;t
US-RI;sfiinc992t;p0p90;1965;0.677;992;t
US-RI;sfiinc992t;p0p90;1966;0.6942;992;t
US-RI;sfiinc992t;p0p90;1967;0.6813;992;t
US-RI;sfiinc992t;p0p90;1968;0.6799;992;t
US-RI;sfiinc992t;p0p90;1969;0.6869;992;t
US-RI;sfiinc992t;p0p90;1970;0.7027;992;t
US-RI;sfiinc992t;p0p90;1971;0.6888;992;t
US-RI;sfiinc992t;p0p90;1972;0.69;992;t
US-RI;sfiinc992t;p0p90;1973;0.6713;992;t
US-RI;sfiinc992t;p0p90;1974;0.6672;992;t
US-RI;sfiinc992t;p0p90;1975;0.658;992;t
US-RI;sfiinc992t;p0p90;1976;0.6671;992;t
US-RI;sfiinc992t;p0p90;1977;0.6683;992;t
US-RI;sfiinc992t;p0p90;1978;0.6612;992;t
US-RI;sfiinc992t;p0p90;1979;0.6438;992;t
US-RI;sfiinc992t;p0p90;1980;0.6525;992;t
US-RI;sfiinc992t;p0p90;1981;0.652;992;t
US-RI;sfiinc992t;p0p90;1982;0.6503;992;t
US-RI;sfiinc992t;p0p90;1983;0.6586;992;t
US-RI;sfiinc992t;p0p90;1984;0.6501;992;t
US-RI;sfiinc992t;p0p90;1985;0.6484;992;t
US-RI;sfiinc992t;p0p90;1986;0.5982;992;t
US-RI;sfiinc992t;p0p90;1987;0.6236;992;t
US-RI;sfiinc992t;p0p90;1988;0.6025;992;t
US-RI;sfiinc992t;p0p90;1989;0.6228;992;t
US-RI;sfiinc992t;p0p90;1990;0.6208;992;t
US-RI;sfiinc992t;p0p90;1991;0.6019;992;t
US-RI;sfiinc992t;p0p90;1992;0.6061;992;t
US-RI;sfiinc992t;p0p90;1993;0.6108;992;t
US-RI;sfiinc992t;p0p90;1994;0.6098;992;t
US-RI;sfiinc992t;p0p90;1995;0.6021;992;t
US-RI;sfiinc992t;p0p90;1996;0.5956;992;t
US-RI;sfiinc992t;p0p90;1997;0.5677;992;t
US-RI;sfiinc992t;p0p90;1998;0.5726;992;t
US-RI;sfiinc992t;p0p90;1999;0.5754;992;t
US-RI;sfiinc992t;p0p90;2000;0.5477;992;t
US-RI;sfiinc992t;p0p90;2001;0.5653;992;t
US-RI;sfiinc992t;p0p90;2002;0.58;992;t
US-RI;sfiinc992t;p0p90;2003;0.5794;992;t
US-RI;sfiinc992t;p0p90;2004;0.5707;992;t
US-RI;sfiinc992t;p0p90;2005;0.5676;992;t
US-RI;sfiinc992t;p0p90;2006;0.5555;992;t
US-RI;sfiinc992t;p0p90;2007;0.5463;992;t
US-RI;sfiinc992t;p0p90;2008;0.5636;992;t
US-RI;sfiinc992t;p0p90;2009;0.571;992;t
US-RI;sfiinc992t;p0p90;2010;0.5603;992;t
US-RI;sfiinc992t;p0p90;2011;0.5415;992;t
US-RI;sfiinc992t;p0p90;2012;0.5448;992;t
US-RI;sfiinc992t;p0p90;2013;0.5631;992;t
US-RI;sfiinc992t;p0p90;2014;0.5328;992;t
US-RI;sfiinc992t;p0p90;2015;0.5467;992;t
US-RI;sfiinc992t;p0p90;2016;0.5361;992;t
US-RI;sfiinc992t;p0p90;2017;0.537;992;t
US-RI;sfiinc992t;p0p90;2018;0.5406;992;t
US-RI;sptinc992t;p0p99;1917;0.764;992;t
US-RI;sptinc992t;p0p99;1918;0.7837;992;t
US-RI;sptinc992t;p0p99;1919;0.8111;992;t
US-RI;sptinc992t;p0p99;1920;0.8278;992;t
US-RI;sptinc992t;p0p99;1921;0.8155;992;t
US-RI;sptinc992t;p0p99;1922;0.8106;992;t
US-RI;sptinc992t;p0p99;1923;0.8352;992;t
US-RI;sptinc992t;p0p99;1924;0.8166;992;t
US-RI;sptinc992t;p0p99;1925;0.8018;992;t
US-RI;sptinc992t;p0p99;1926;0.8082;992;t
US-RI;sptinc992t;p0p99;1927;0.7938;992;t
US-RI;sptinc992t;p0p99;1928;0.7678;992;t
US-RI;sptinc992t;p0p99;1929;0.7643;992;t
US-RI;sptinc992t;p0p99;1930;0.8167;992;t
US-RI;sptinc992t;p0p99;1931;0.8348;992;t
US-RI;sptinc992t;p0p99;1932;0.834;992;t
US-RI;sptinc992t;p0p99;1933;0.8413;992;t
US-RI;sptinc992t;p0p99;1934;0.8307;992;t
US-RI;sptinc992t;p0p99;1935;0.8288;992;t
US-RI;sptinc992t;p0p99;1936;0.8006;992;t
US-RI;sptinc992t;p0p99;1937;0.8181;992;t
US-RI;sptinc992t;p0p99;1938;0.855;992;t
US-RI;sptinc992t;p0p99;1939;0.838;992;t
US-RI;sptinc992t;p0p99;1940;0.8339;992;t
US-RI;sptinc992t;p0p99;1941;0.8505;992;t
US-RI;sptinc992t;p0p99;1942;0.8776;992;t
US-RI;sptinc992t;p0p99;1943;0.8894;992;t
US-RI;sptinc992t;p0p99;1944;0.893;992;t
US-RI;sptinc992t;p0p99;1945;0.8763;992;t
US-RI;sptinc992t;p0p99;1946;0.8636;992;t
US-RI;sptinc992t;p0p99;1947;0.8752;992;t
US-RI;sptinc992t;p0p99;1948;0.8653;992;t
US-RI;sptinc992t;p0p99;1949;0.8739;992;t
US-RI;sptinc992t;p0p99;1950;0.8621;992;t
US-RI;sptinc992t;p0p99;1951;0.6521;992;t
US-RI;sptinc992t;p0p99;1952;0.8894;992;t
US-RI;sptinc992t;p0p99;1953;0.8988;992;t
US-RI;sptinc992t;p0p99;1954;0.8917;992;t
US-RI;sptinc992t;p0p99;1955;0.8633;992;t
US-RI;sptinc992t;p0p99;1956;0.896;992;t
US-RI;sptinc992t;p0p99;1957;0.8954;992;t
US-RI;sptinc992t;p0p99;1958;0.8936;992;t
US-RI;sptinc992t;p0p99;1959;0.9038;992;t
US-RI;sptinc992t;p0p99;1960;0.9053;992;t
US-RI;sptinc992t;p0p99;1961;0.898;992;t
US-RI;sptinc992t;p0p99;1962;0.9038;992;t
US-RI;sptinc992t;p0p99;1963;0.9036;992;t
US-RI;sptinc992t;p0p99;1964;0.9007;992;t
US-RI;sptinc992t;p0p99;1965;0.8959;992;t
US-RI;sptinc992t;p0p99;1966;0.9006;992;t
US-RI;sptinc992t;p0p99;1967;0.8938;992;t
US-RI;sptinc992t;p0p99;1968;0.8941;992;t
US-RI;sptinc992t;p0p99;1969;0.9053;992;t
US-RI;sptinc992t;p0p99;1970;0.9152;992;t
US-RI;sptinc992t;p0p99;1971;0.9124;992;t
US-RI;sptinc992t;p0p99;1972;0.9057;992;t
US-RI;sptinc992t;p0p99;1973;0.9109;992;t
US-RI;sptinc992t;p0p99;1974;0.9132;992;t
US-RI;sptinc992t;p0p99;1975;0.9093;992;t
US-RI;sptinc992t;p0p99;1976;0.9083;992;t
US-RI;sptinc992t;p0p99;1977;0.9093;992;t
US-RI;sptinc992t;p0p99;1978;0.908;992;t
US-RI;sptinc992t;p0p99;1979;0.8988;992;t
US-RI;sptinc992t;p0p99;1980;0.8992;992;t
US-RI;sptinc992t;p0p99;1981;0.9052;992;t
US-RI;sptinc992t;p0p99;1982;0.89;992;t
US-RI;sptinc992t;p0p99;1983;0.8947;992;t
US-RI;sptinc992t;p0p99;1984;0.8852;992;t
US-RI;sptinc992t;p0p99;1985;0.8828;992;t
US-RI;sptinc992t;p0p99;1986;0.8392;992;t
US-RI;sptinc992t;p0p99;1987;0.8762;992;t
US-RI;sptinc992t;p0p99;1988;0.8502;992;t
US-RI;sptinc992t;p0p99;1989;0.8684;992;t
US-RI;sptinc992t;p0p99;1990;0.8726;992;t
US-RI;sptinc992t;p0p99;1991;0.8704;992;t
US-RI;sptinc992t;p0p99;1992;0.8688;992;t
US-RI;sptinc992t;p0p99;1993;0.8754;992;t
US-RI;sptinc992t;p0p99;1994;0.8758;992;t
US-RI;sptinc992t;p0p99;1995;0.8661;992;t
US-RI;sptinc992t;p0p99;1996;0.8625;992;t
US-RI;sptinc992t;p0p99;1997;0.8362;992;t
US-RI;sptinc992t;p0p99;1998;0.8353;992;t
US-RI;sptinc992t;p0p99;1999;0.8386;992;t
US-RI;sptinc992t;p0p99;2000;0.8176;992;t
US-RI;sptinc992t;p0p99;2001;0.8372;992;t
US-RI;sptinc992t;p0p99;2002;0.8553;992;t
US-RI;sptinc992t;p0p99;2003;0.8508;992;t
US-RI;sptinc992t;p0p99;2004;0.835;992;t
US-RI;sptinc992t;p0p99;2005;0.8308;992;t
US-RI;sptinc992t;p0p99;2006;0.8178;992;t
US-RI;sptinc992t;p0p99;2007;0.8058;992;t
US-RI;sptinc992t;p0p99;2008;0.8342;992;t
US-RI;sptinc992t;p0p99;2009;0.8538;992;t
US-RI;sptinc992t;p0p99;2010;0.8413;992;t
US-RI;sptinc992t;p0p99;2011;0.8295;992;t
US-RI;sptinc992t;p0p99;2012;0.8214;992;t
US-RI;sptinc992t;p0p99;2013;0.8414;992;t
US-RI;sptinc992t;p0p99;2014;0.8173;992;t
US-RI;sptinc992t;p0p99;2015;0.8346;992;t
US-RI;sptinc992t;p0p99;2016;0.8312;992;t
US-RI;sptinc992t;p0p99;2017;0.8251;992;t
US-RI;sptinc992t;p0p99;2018;0.827;992;t
US-RI;afiinc992t;p99.99p100;1917;10646884.3;992;t
US-RI;afiinc992t;p99.99p100;1918;7100082.2;992;t
US-RI;afiinc992t;p99.99p100;1919;4600377.4;992;t
US-RI;afiinc992t;p99.99p100;1920;3946020.5;992;t
US-RI;afiinc992t;p99.99p100;1921;4218119.8;992;t
US-RI;afiinc992t;p99.99p100;1922;4771793.0;992;t
US-RI;afiinc992t;p99.99p100;1923;3920525.1;992;t
US-RI;afiinc992t;p99.99p100;1924;5055903.5;992;t
US-RI;afiinc992t;p99.99p100;1925;6100203.8;992;t
US-RI;afiinc992t;p99.99p100;1926;4960206.3;992;t
US-RI;afiinc992t;p99.99p100;1927;5740133.4;992;t
US-RI;afiinc992t;p99.99p100;1928;7450229.1;992;t
US-RI;afiinc992t;p99.99p100;1929;8331536.6;992;t
US-RI;afiinc992t;p99.99p100;1930;4592989.5;992;t
US-RI;afiinc992t;p99.99p100;1931;3863063.3;992;t
US-RI;afiinc992t;p99.99p100;1932;3602261.9;992;t
US-RI;afiinc992t;p99.99p100;1933;3046759.7;992;t
US-RI;afiinc992t;p99.99p100;1934;3858537.1;992;t
US-RI;afiinc992t;p99.99p100;1935;4049902.1;992;t
US-RI;afiinc992t;p99.99p100;1936;4829092.0;992;t
US-RI;afiinc992t;p99.99p100;1937;4153827.2;992;t
US-RI;afiinc992t;p99.99p100;1938;2982256.8;992;t
US-RI;afiinc992t;p99.99p100;1939;3546509.4;992;t
US-RI;afiinc992t;p99.99p100;1940;4033158.9;992;t
US-RI;afiinc992t;p99.99p100;1941;4677762.1;992;t
US-RI;afiinc992t;p99.99p100;1942;3088137.1;992;t
US-RI;afiinc992t;p99.99p100;1943;3236772.5;992;t
US-RI;afiinc992t;p99.99p100;1944;2989063.1;992;t
US-RI;afiinc992t;p99.99p100;1945;3283821.3;992;t
US-RI;afiinc992t;p99.99p100;1946;3953792.5;992;t
US-RI;afiinc992t;p99.99p100;1947;4365486.8;992;t
US-RI;afiinc992t;p99.99p100;1948;4060788.4;992;t
US-RI;afiinc992t;p99.99p100;1949;3080656.2;992;t
US-RI;afiinc992t;p99.99p100;1950;3816275.4;992;t
US-RI;afiinc992t;p99.99p100;1951;4275991.0;992;t
US-RI;afiinc992t;p99.99p100;1952;3539503.0;992;t
US-RI;afiinc992t;p99.99p100;1953;3277610.7;992;t
US-RI;afiinc992t;p99.99p100;1954;3843354.4;992;t
US-RI;afiinc992t;p99.99p100;1955;4012098.5;992;t
US-RI;afiinc992t;p99.99p100;1956;3889143.0;992;t
US-RI;afiinc992t;p99.99p100;1957;4004631.4;992;t
US-RI;afiinc992t;p99.99p100;1958;5169069.4;992;t
US-RI;afiinc992t;p99.99p100;1959;4840787.6;992;t
US-RI;afiinc992t;p99.99p100;1960;4117283.9;992;t
US-RI;afiinc992t;p99.99p100;1961;4313789.6;992;t
US-RI;afiinc992t;p99.99p100;1962;3941244.8;992;t
US-RI;afiinc992t;p99.99p100;1963;3162310.0;992;t
US-RI;afiinc992t;p99.99p100;1964;8112580.9;992;t
US-RI;afiinc992t;p99.99p100;1965;4822085.7;992;t
US-RI;afiinc992t;p99.99p100;1966;5357343.8;992;t
US-RI;afiinc992t;p99.99p100;1967;5952771.3;992;t
US-RI;afiinc992t;p99.99p100;1968;6059860.3;992;t
US-RI;afiinc992t;p99.99p100;1969;5813995.1;992;t
US-RI;afiinc992t;p99.99p100;1970;3290741.3;992;t
US-RI;afiinc992t;p99.99p100;1971;4007883.9;992;t
US-RI;afiinc992t;p99.99p100;1972;7305987.3;992;t
US-RI;afiinc992t;p99.99p100;1973;3456621.8;992;t
US-RI;afiinc992t;p99.99p100;1974;3078110.0;992;t
US-RI;afiinc992t;p99.99p100;1975;2615027.1;992;t
US-RI;afiinc992t;p99.99p100;1976;2676572.5;992;t
US-RI;afiinc992t;p99.99p100;1977;3427629.9;992;t
US-RI;afiinc992t;p99.99p100;1978;3173604.2;992;t
US-RI;afiinc992t;p99.99p100;1979;4521049.4;992;t
US-RI;afiinc992t;p99.99p100;1980;5908390.1;992;t
US-RI;afiinc992t;p99.99p100;1981;4404473.5;992;t
US-RI;afiinc992t;p99.99p100;1982;6950262.1;992;t
US-RI;afiinc992t;p99.99p100;1983;7071550.2;992;t
US-RI;afiinc992t;p99.99p100;1984;9024097.8;992;t
US-RI;afiinc992t;p99.99p100;1985;9250459.6;992;t
US-RI;afiinc992t;p99.99p100;1986;17867127.1;992;t
US-RI;afiinc992t;p99.99p100;1987;8927455.0;992;t
US-RI;afiinc992t;p99.99p100;1988;13927781.5;992;t
US-RI;afiinc992t;p99.99p100;1989;10708250.3;992;t
US-RI;afiinc992t;p99.99p100;1990;8821971.3;992;t
US-RI;afiinc992t;p99.99p100;1991;8746514.8;992;t
US-RI;afiinc992t;p99.99p100;1992;8961823.1;992;t
US-RI;afiinc992t;p99.99p100;1993;7996095.4;992;t
US-RI;afiinc992t;p99.99p100;1994;7842162.1;992;t
US-RI;afiinc992t;p99.99p100;1995;9632927.1;992;t
US-RI;afiinc992t;p99.99p100;1996;10268364.9;992;t
US-RI;afiinc992t;p99.99p100;1997;16722440.1;992;t
US-RI;afiinc992t;p99.99p100;1998;18049138.1;992;t
US-RI;afiinc992t;p99.99p100;1999;17149699.9;992;t
US-RI;afiinc992t;p99.99p100;2000;25236370.3;992;t
US-RI;afiinc992t;p99.99p100;2001;19689117.7;992;t
US-RI;afiinc992t;p99.99p100;2002;12554806.9;992;t
US-RI;afiinc992t;p99.99p100;2003;14286836.2;992;t
US-RI;afiinc992t;p99.99p100;2004;18716440.2;992;t
US-RI;afiinc992t;p99.99p100;2005;18571806.5;992;t
US-RI;afiinc992t;p99.99p100;2006;22616119.6;992;t
US-RI;afiinc992t;p99.99p100;2007;27994697.5;992;t
US-RI;afiinc992t;p99.99p100;2008;19007812.8;992;t
US-RI;afiinc992t;p99.99p100;2009;13846690.4;992;t
US-RI;afiinc992t;p99.99p100;2010;19394630.8;992;t
US-RI;afiinc992t;p99.99p100;2011;22521912.3;992;t
US-RI;afiinc992t;p99.99p100;2012;24924119.6;992;t
US-RI;afiinc992t;p99.99p100;2013;18436388.9;992;t
US-RI;afiinc992t;p99.99p100;2014;26283217.1;992;t
US-RI;afiinc992t;p99.99p100;2015;18839507.4;992;t
US-RI;afiinc992t;p99.99p100;2016;19134470.5;992;t
US-RI;afiinc992t;p99.99p100;2017;21403917.7;992;t
US-RI;afiinc992t;p99.99p100;2018;21322087.7;992;t
US-RI;sptinc992t;p99.5p100;1917;0.1976;992;t
US-RI;sptinc992t;p99.5p100;1918;0.1751;992;t
US-RI;sptinc992t;p99.5p100;1919;0.149;992;t
US-RI;sptinc992t;p99.5p100;1920;0.1343;992;t
US-RI;sptinc992t;p99.5p100;1921;0.1428;992;t
US-RI;sptinc992t;p99.5p100;1922;0.1471;992;t
US-RI;sptinc992t;p99.5p100;1923;0.126;992;t
US-RI;sptinc992t;p99.5p100;1924;0.1428;992;t
US-RI;sptinc992t;p99.5p100;1925;0.1564;992;t
US-RI;sptinc992t;p99.5p100;1926;0.1486;992;t
US-RI;sptinc992t;p99.5p100;1927;0.1605;992;t
US-RI;sptinc992t;p99.5p100;1928;0.1838;992;t
US-RI;sptinc992t;p99.5p100;1929;0.1876;992;t
US-RI;sptinc992t;p99.5p100;1930;0.1403;992;t
US-RI;sptinc992t;p99.5p100;1931;0.1248;992;t
US-RI;sptinc992t;p99.5p100;1932;0.1272;992;t
US-RI;sptinc992t;p99.5p100;1933;0.1213;992;t
US-RI;sptinc992t;p99.5p100;1934;0.1292;992;t
US-RI;sptinc992t;p99.5p100;1935;0.1312;992;t
US-RI;sptinc992t;p99.5p100;1936;0.1541;992;t
US-RI;sptinc992t;p99.5p100;1937;0.1399;992;t
US-RI;sptinc992t;p99.5p100;1938;0.108;992;t
US-RI;sptinc992t;p99.5p100;1939;0.1226;992;t
US-RI;sptinc992t;p99.5p100;1940;0.1261;992;t
US-RI;sptinc992t;p99.5p100;1941;0.1136;992;t
US-RI;sptinc992t;p99.5p100;1942;0.0918;992;t
US-RI;sptinc992t;p99.5p100;1943;0.083;992;t
US-RI;sptinc992t;p99.5p100;1944;0.0788;992;t
US-RI;sptinc992t;p99.5p100;1945;0.0917;992;t
US-RI;sptinc992t;p99.5p100;1946;0.1009;992;t
US-RI;sptinc992t;p99.5p100;1947;0.0931;992;t
US-RI;sptinc992t;p99.5p100;1948;0.0998;992;t
US-RI;sptinc992t;p99.5p100;1949;0.0928;992;t
US-RI;sptinc992t;p99.5p100;1950;0.1028;992;t
US-RI;sptinc992t;p99.5p100;1951;0.1021;992;t
US-RI;sptinc992t;p99.5p100;1952;0.0801;992;t
US-RI;sptinc992t;p99.5p100;1953;0.0725;992;t
US-RI;sptinc992t;p99.5p100;1954;0.079;992;t
US-RI;sptinc992t;p99.5p100;1955;0.1044;992;t
US-RI;sptinc992t;p99.5p100;1956;0.0758;992;t
US-RI;sptinc992t;p99.5p100;1957;0.0751;992;t
US-RI;sptinc992t;p99.5p100;1958;0.0785;992;t
US-RI;sptinc992t;p99.5p100;1959;0.071;992;t
US-RI;sptinc992t;p99.5p100;1960;0.0688;992;t
US-RI;sptinc992t;p99.5p100;1961;0.0648;992;t
US-RI;sptinc992t;p99.5p100;1962;0.069;992;t
US-RI;sptinc992t;p99.5p100;1963;0.0679;992;t
US-RI;sptinc992t;p99.5p100;1964;0.0745;992;t
US-RI;sptinc992t;p99.5p100;1965;0.0731;992;t
US-RI;sptinc992t;p99.5p100;1966;0.0707;992;t
US-RI;sptinc992t;p99.5p100;1967;0.0749;992;t
US-RI;sptinc992t;p99.5p100;1968;0.0761;992;t
US-RI;sptinc992t;p99.5p100;1969;0.0684;992;t
US-RI;sptinc992t;p99.5p100;1970;0.0589;992;t
US-RI;sptinc992t;p99.5p100;1971;0.0601;992;t
US-RI;sptinc992t;p99.5p100;1972;0.069;992;t
US-RI;sptinc992t;p99.5p100;1973;0.0612;992;t
US-RI;sptinc992t;p99.5p100;1974;0.0591;992;t
US-RI;sptinc992t;p99.5p100;1975;0.0608;992;t
US-RI;sptinc992t;p99.5p100;1976;0.0612;992;t
US-RI;sptinc992t;p99.5p100;1977;0.0618;992;t
US-RI;sptinc992t;p99.5p100;1978;0.0617;992;t
US-RI;sptinc992t;p99.5p100;1979;0.07;992;t
US-RI;sptinc992t;p99.5p100;1980;0.072;992;t
US-RI;sptinc992t;p99.5p100;1981;0.0672;992;t
US-RI;sptinc992t;p99.5p100;1982;0.0811;992;t
US-RI;sptinc992t;p99.5p100;1983;0.0779;992;t
US-RI;sptinc992t;p99.5p100;1984;0.0868;992;t
US-RI;sptinc992t;p99.5p100;1985;0.0887;992;t
US-RI;sptinc992t;p99.5p100;1986;0.1285;992;t
US-RI;sptinc992t;p99.5p100;1987;0.0922;992;t
US-RI;sptinc992t;p99.5p100;1988;0.1164;992;t
US-RI;sptinc992t;p99.5p100;1989;0.0994;992;t
US-RI;sptinc992t;p99.5p100;1990;0.095;992;t
US-RI;sptinc992t;p99.5p100;1991;0.0968;992;t
US-RI;sptinc992t;p99.5p100;1992;0.0978;992;t
US-RI;sptinc992t;p99.5p100;1993;0.0916;992;t
US-RI;sptinc992t;p99.5p100;1994;0.0907;992;t
US-RI;sptinc992t;p99.5p100;1995;0.0996;992;t
US-RI;sptinc992t;p99.5p100;1996;0.1024;992;t
US-RI;sptinc992t;p99.5p100;1997;0.127;992;t
US-RI;sptinc992t;p99.5p100;1998;0.1281;992;t
US-RI;sptinc992t;p99.5p100;1999;0.1244;992;t
US-RI;sptinc992t;p99.5p100;2000;0.1461;992;t
US-RI;sptinc992t;p99.5p100;2001;0.1256;992;t
US-RI;sptinc992t;p99.5p100;2002;0.1084;992;t
US-RI;sptinc992t;p99.5p100;2003;0.1128;992;t
US-RI;sptinc992t;p99.5p100;2004;0.1276;992;t
US-RI;sptinc992t;p99.5p100;2005;0.1309;992;t
US-RI;sptinc992t;p99.5p100;2006;0.1435;992;t
US-RI;sptinc992t;p99.5p100;2007;0.1551;992;t
US-RI;sptinc992t;p99.5p100;2008;0.1284;992;t
US-RI;sptinc992t;p99.5p100;2009;0.1098;992;t
US-RI;sptinc992t;p99.5p100;2010;0.1237;992;t
US-RI;sptinc992t;p99.5p100;2011;0.1347;992;t
US-RI;sptinc992t;p99.5p100;2012;0.1425;992;t
US-RI;sptinc992t;p99.5p100;2013;0.1217;992;t
US-RI;sptinc992t;p99.5p100;2014;0.1451;992;t
US-RI;sptinc992t;p99.5p100;2015;0.1278;992;t
US-RI;sptinc992t;p99.5p100;2016;0.13;992;t
US-RI;sptinc992t;p99.5p100;2017;0.1354;992;t
US-RI;sptinc992t;p99.5p100;2018;0.1338;992;t
